1 10 0.000032
1 10 0.000031
1 10 0.000031
1 10 0.000032
1 10 0.000031
1 10 0.000031
1 10 0.000031
1 10 0.000031
1 10 0.000031
1 10 0.000031
1 10 0.000032
1 10 0.000031
1 10 0.000032
1 10 0.000031
1 10 0.000031
1 10 0.000031
1 10 0.000031
1 10 0.000031
1 10 0.000031
1 10 0.000031
1 10 0.000031
1 10 0.000031
1 10 0.000031
1 10 0.000056
1 10 0.000035
1 10 0.000030
1 10 0.000031
1 10 0.000032
1 10 0.000031
1 10 0.000031
1 10 0.000031
1 10 0.000031
1 10 0.000031
1 10 0.000036
1 10 0.000038
1 10 0.000034
1 10 0.000041
1 10 0.000035
1 10 0.000036
1 10 0.000051
1 10 0.000038
1 10 0.000039
1 10 0.000038
1 10 0.000043
1 10 0.000038
1 10 0.000038
1 10 0.000031
1 10 0.000048
1 10 0.000038
1 10 0.000039
1 10 0.000049
1 10 0.000032
1 10 0.000031
1 10 0.000031
1 10 0.000032
1 10 0.000038
1 10 0.000048
1 10 0.000035
1 10 0.000034
1 10 0.000037
1 10 0.000048
1 10 0.000037
1 10 0.000038
1 10 0.000036
1 10 0.000037
1 10 0.000038
1 10 0.000037
1 10 0.000036
1 10 0.000036
1 10 0.000036
1 10 0.000036
1 10 0.000036
1 10 0.000037
1 10 0.000037
1 10 0.000037
1 10 0.000036
1 10 0.000037
1 10 0.000037
1 10 0.000037
1 10 0.000036
1 10 0.000035
1 10 0.000037
1 10 0.000037
1 10 0.000037
1 10 0.000037
1 10 0.000036
1 10 0.000036
1 10 0.000037
1 10 0.000036
1 10 0.000037
1 10 0.000037
1 10 0.000037
1 10 0.000037
1 10 0.000037
1 10 0.000036
1 10 0.000036
1 10 0.000036
1 10 0.000036
1 10 0.000037
1 10 0.000037
1 11 0.000073
1 11 0.000073
1 11 0.000072
1 11 0.000073
1 11 0.000073
1 11 0.000073
1 11 0.000072
1 11 0.000073
1 11 0.000072
1 11 0.000073
1 11 0.000073
1 11 0.000071
1 11 0.000085
1 11 0.000062
1 11 0.000063
1 11 0.000062
1 11 0.000062
1 11 0.000062
1 11 0.000062
1 11 0.000062
1 11 0.000062
1 11 0.000062
1 11 0.000077
1 11 0.000065
1 11 0.000061
1 11 0.000061
1 11 0.000064
1 11 0.000063
1 11 0.000062
1 11 0.000097
1 11 0.000062
1 11 0.000080
1 11 0.000062
1 11 0.000062
1 11 0.000065
1 11 0.000168
1 11 0.000076
1 11 0.000075
1 11 0.000080
1 11 0.000062
1 11 0.000062
1 11 0.000064
1 11 0.000071
1 11 0.000068
1 11 0.000062
1 11 0.000063
1 11 0.000063
1 11 0.000062
1 11 0.000062
1 11 0.000072
1 11 0.000062
1 11 0.000062
1 11 0.000062
1 11 0.000062
1 11 0.000062
1 11 0.000062
1 11 0.000061
1 11 0.000062
1 11 0.000062
1 11 0.000061
1 11 0.000062
1 11 0.000062
1 11 0.000062
1 11 0.000061
1 11 0.000065
1 11 0.000077
1 11 0.000062
1 11 0.000062
1 11 0.000061
1 11 0.000062
1 11 0.000062
1 11 0.000062
1 11 0.000062
1 11 0.000062
1 11 0.000062
1 11 0.000062
1 11 0.000062
1 11 0.000063
1 11 0.000062
1 11 0.000062
1 11 0.000062
1 11 0.000062
1 11 0.000063
1 11 0.000063
1 11 0.000062
1 11 0.000062
1 11 0.000062
1 11 0.000061
1 11 0.000062
1 11 0.000061
1 11 0.000063
1 11 0.000061
1 11 0.000062
1 11 0.000063
1 11 0.000080
1 11 0.000072
1 11 0.000065
1 11 0.000062
1 11 0.000062
1 11 0.000061
1 12 0.000123
1 12 0.000123
1 12 0.000124
1 12 0.000124
1 12 0.000124
1 12 0.000124
1 12 0.000124
1 12 0.000124
1 12 0.000124
1 12 0.000124
1 12 0.000124
1 12 0.000124
1 12 0.000124
1 12 0.000124
1 12 0.000124
1 12 0.000140
1 12 0.000122
1 12 0.000123
1 12 0.000121
1 12 0.000131
1 12 0.000123
1 12 0.000121
1 12 0.000120
1 12 0.000134
1 12 0.000163
1 12 0.000169
1 12 0.000117
1 12 0.000192
1 12 0.000173
1 12 0.000159
1 12 0.000171
1 12 0.000115
1 12 0.000218
1 12 0.000152
1 12 0.000146
1 12 0.000197
1 12 0.000121
1 12 0.000189
1 12 0.000193
1 12 0.000192
1 12 0.000117
1 12 0.000117
1 12 0.000117
1 12 0.000140
1 12 0.000135
1 12 0.000157
1 12 0.000118
1 12 0.000195
1 12 0.000179
1 12 0.000226
1 12 0.000152
1 12 0.000266
1 12 0.000336
1 12 0.000192
1 12 0.000291
1 12 0.000170
1 12 0.000148
1 12 0.000214
1 12 0.000134
1 12 0.000119
1 12 0.000142
1 12 0.000125
1 12 0.000246
1 12 0.000177
1 12 0.000183
1 12 0.000165
1 12 0.000120
1 12 0.000240
1 12 0.000177
1 12 0.000160
1 12 0.000153
1 12 0.000226
1 12 0.000120
1 12 0.000122
1 12 0.000122
1 12 0.000121
1 12 0.000121
1 12 0.000121
1 12 0.000217
1 12 0.000115
1 12 0.000159
1 12 0.000184
1 12 0.000135
1 12 0.000223
1 12 0.000175
1 12 0.000182
1 12 0.000122
1 12 0.000160
1 12 0.000190
1 12 0.000123
1 12 0.000121
1 12 0.000121
1 12 0.000121
1 12 0.000122
1 12 0.000120
1 12 0.000121
1 12 0.000120
1 12 0.000162
1 12 0.000219
1 12 0.000184
1 13 0.000328
1 13 0.000303
1 13 0.000412
1 13 0.000302
1 13 0.000241
1 13 0.000279
1 13 0.000248
1 13 0.000243
1 13 0.000241
1 13 0.000294
1 13 0.000271
1 13 0.000229
1 13 0.000262
1 13 0.000244
1 13 0.000242
1 13 0.000303
1 13 0.000236
1 13 0.000261
1 13 0.000277
1 13 0.000242
1 13 0.000243
1 13 0.000242
1 13 0.000320
1 13 0.000242
1 13 0.000243
1 13 0.000291
1 13 0.000258
1 13 0.000234
1 13 0.000290
1 13 0.000273
1 13 0.000259
1 13 0.000278
1 13 0.000407
1 13 0.000384
1 13 0.000268
1 13 0.000240
1 13 0.000241
1 13 0.000324
1 13 0.000279
1 13 0.000284
1 13 0.000317
1 13 0.000322
1 13 0.000242
1 13 0.000242
1 13 0.000376
1 13 0.000302
1 13 0.000282
1 13 0.000241
1 13 0.000241
1 13 0.000278
1 13 0.000357
1 13 0.000327
1 13 0.000299
1 13 0.000391
1 13 0.000239
1 13 0.000223
1 13 0.000318
1 13 0.000313
1 13 0.000415
1 13 0.000433
1 13 0.000408
1 13 0.000304
1 13 0.000324
1 13 0.000269
1 13 0.000277
1 13 0.000393
1 13 0.000300
1 13 0.000255
1 13 0.000284
1 13 0.000408
1 13 0.000291
1 13 0.000351
1 13 0.000411
1 13 0.000309
1 13 0.000241
1 13 0.000264
1 13 0.000224
1 13 0.000274
1 13 0.000260
1 13 0.000223
1 13 0.000338
1 13 0.000269
1 13 0.000350
1 13 0.000223
1 13 0.000277
1 13 0.000487
1 13 0.000533
1 13 0.000263
1 13 0.000246
1 13 0.000253
1 13 0.000278
1 13 0.000253
1 13 0.000504
1 13 0.000381
1 13 0.000274
1 13 0.000235
1 13 0.000280
1 13 0.000234
1 13 0.000302
1 13 0.000252
1 14 0.000513
1 14 0.000624
1 14 0.000623
1 14 0.000666
1 14 0.000630
1 14 0.000641
1 14 0.000538
1 14 0.000751
1 14 0.000543
1 14 0.000531
1 14 0.000485
1 14 0.000591
1 14 0.000552
1 14 0.000534
1 14 0.000481
1 14 0.000508
1 14 0.000538
1 14 0.000758
1 14 0.000645
1 14 0.000599
1 14 0.000534
1 14 0.000682
1 14 0.000485
1 14 0.000530
1 14 0.000560
1 14 0.000638
1 14 0.000528
1 14 0.000583
1 14 0.000655
1 14 0.000515
1 14 0.000488
1 14 0.000611
1 14 0.000598
1 14 0.000470
1 14 0.000511
1 14 0.000488
1 14 0.000608
1 14 0.000548
1 14 0.000600
1 14 0.000539
1 14 0.000593
1 14 0.000500
1 14 0.000590
1 14 0.000757
1 14 0.000779
1 14 0.000651
1 14 0.000613
1 14 0.000609
1 14 0.000537
1 14 0.000630
1 14 0.000695
1 14 0.000624
1 14 0.000624
1 14 0.000532
1 14 0.000631
1 14 0.000557
1 14 0.000500
1 14 0.000526
1 14 0.000646
1 14 0.000505
1 14 0.000524
1 14 0.000630
1 14 0.000485
1 14 0.000540
1 14 0.000838
1 14 0.000464
1 14 0.000488
1 14 0.000484
1 14 0.000487
1 14 0.000471
1 14 0.000549
1 14 0.000682
1 14 0.000932
1 14 0.000636
1 14 0.000733
1 14 0.000593
1 14 0.000721
1 14 0.000743
1 14 0.000679
1 14 0.000587
1 14 0.000680
1 14 0.000724
1 14 0.000887
1 14 0.000792
1 14 0.000555
1 14 0.000780
1 14 0.000680
1 14 0.000603
1 14 0.000824
1 14 0.000528
1 14 0.000447
1 14 0.000661
1 14 0.000491
1 14 0.000451
1 14 0.000447
1 14 0.000515
1 14 0.000712
1 14 0.000862
1 14 0.000835
1 14 0.000714
1 15 0.001104
1 15 0.001437
1 15 0.001258
1 15 0.001465
1 15 0.001647
1 15 0.001375
1 15 0.001550
1 15 0.001463
1 15 0.001044
1 15 0.001302
1 15 0.001517
1 15 0.001322
1 15 0.001152
1 15 0.001401
1 15 0.001089
1 15 0.001543
1 15 0.001275
1 15 0.001218
1 15 0.001579
1 15 0.001222
1 15 0.001380
1 15 0.001196
1 15 0.001501
1 15 0.001254
1 15 0.001278
1 15 0.001627
1 15 0.001263
1 15 0.001692
1 15 0.001044
1 15 0.001057
1 15 0.001618
1 15 0.001239
1 15 0.001200
1 15 0.001130
1 15 0.001322
1 15 0.001066
1 15 0.000976
1 15 0.001656
1 15 0.001487
1 15 0.001058
1 15 0.001423
1 15 0.001310
1 15 0.001022
1 15 0.000893
1 15 0.000892
1 15 0.000934
1 15 0.000894
1 15 0.001074
1 15 0.001370
1 15 0.001053
1 15 0.000985
1 15 0.000983
1 15 0.001254
1 15 0.001411
1 15 0.001153
1 15 0.001230
1 15 0.001135
1 15 0.001173
1 15 0.001111
1 15 0.001260
1 15 0.001121
1 15 0.001137
1 15 0.001574
1 15 0.001163
1 15 0.001008
1 15 0.001030
1 15 0.001319
1 15 0.001350
1 15 0.001248
1 15 0.001182
1 15 0.001617
1 15 0.001560
1 15 0.001595
1 15 0.001038
1 15 0.001254
1 15 0.000937
1 15 0.001152
1 15 0.001057
1 15 0.001101
1 15 0.001200
1 15 0.001380
1 15 0.001509
1 15 0.001023
1 15 0.001749
1 15 0.000977
1 15 0.001210
1 15 0.001522
1 15 0.001469
1 15 0.000966
1 15 0.000974
1 15 0.000912
1 15 0.001279
1 15 0.001146
1 15 0.001109
1 15 0.001346
1 15 0.001114
1 15 0.001174
1 15 0.001370
1 15 0.001315
1 15 0.000963
1 16 0.003222
1 16 0.002438
1 16 0.002277
1 16 0.003290
1 16 0.002802
1 16 0.003085
1 16 0.002411
1 16 0.002747
1 16 0.002475
1 16 0.002343
1 16 0.002018
1 16 0.002218
1 16 0.002224
1 16 0.002023
1 16 0.002431
1 16 0.002482
1 16 0.002333
1 16 0.003088
1 16 0.001979
1 16 0.002019
1 16 0.001994
1 16 0.001933
1 16 0.002185
1 16 0.002555
1 16 0.001939
1 16 0.001928
1 16 0.001910
1 16 0.002326
1 16 0.001795
1 16 0.001929
1 16 0.001794
1 16 0.001867
1 16 0.003013
1 16 0.002299
1 16 0.001837
1 16 0.001861
1 16 0.002101
1 16 0.002042
1 16 0.002832
1 16 0.002786
1 16 0.002096
1 16 0.002929
1 16 0.002063
1 16 0.001866
1 16 0.001794
1 16 0.002479
1 16 0.002093
1 16 0.001870
1 16 0.002011
1 16 0.002264
1 16 0.002281
1 16 0.002044
1 16 0.001791
1 16 0.002086
1 16 0.002564
1 16 0.002661
1 16 0.002286
1 16 0.001863
1 16 0.002377
1 16 0.001791
1 16 0.002470
1 16 0.002311
1 16 0.002204
1 16 0.002729
1 16 0.002027
1 16 0.001925
1 16 0.001796
1 16 0.001790
1 16 0.001926
1 16 0.001797
1 16 0.002100
1 16 0.002366
1 16 0.001813
1 16 0.002264
1 16 0.002051
1 16 0.001993
1 16 0.001881
1 16 0.001987
1 16 0.001883
1 16 0.002060
1 16 0.002164
1 16 0.001794
1 16 0.001849
1 16 0.002305
1 16 0.002097
1 16 0.002326
1 16 0.002291
1 16 0.002352
1 16 0.001822
1 16 0.001922
1 16 0.002419
1 16 0.002031
1 16 0.002060
1 16 0.002045
1 16 0.001900
1 16 0.001935
1 16 0.002287
1 16 0.002026
1 16 0.002382
1 16 0.001833
1 17 0.003635
1 17 0.004931
1 17 0.004060
1 17 0.004607
1 17 0.005219
1 17 0.004865
1 17 0.003947
1 17 0.003592
1 17 0.003955
1 17 0.003910
1 17 0.004079
1 17 0.003614
1 17 0.003938
1 17 0.003847
1 17 0.004470
1 17 0.004162
1 17 0.004510
1 17 0.004431
1 17 0.004597
1 17 0.004035
1 17 0.004247
1 17 0.004131
1 17 0.004821
1 17 0.003671
1 17 0.004729
1 17 0.004456
1 17 0.004365
1 17 0.004153
1 17 0.003975
1 17 0.004013
1 17 0.004014
1 17 0.003965
1 17 0.004056
1 17 0.004043
1 17 0.004064
1 17 0.004018
1 17 0.004091
1 17 0.003994
1 17 0.004029
1 17 0.004092
1 17 0.003972
1 17 0.004117
1 17 0.003977
1 17 0.003990
1 17 0.003981
1 17 0.003976
1 17 0.004009
1 17 0.004039
1 17 0.003985
1 17 0.004131
1 17 0.004019
1 17 0.004184
1 17 0.004201
1 17 0.004127
1 17 0.004115
1 17 0.004086
1 17 0.003987
1 17 0.004051
1 17 0.004056
1 17 0.004270
1 17 0.004193
1 17 0.004341
1 17 0.004343
1 17 0.004120
1 17 0.004204
1 17 0.004243
1 17 0.004234
1 17 0.004149
1 17 0.004455
1 17 0.004117
1 17 0.005257
1 17 0.004658
1 17 0.009168
1 17 0.004959
1 17 0.005527
1 17 0.013593
1 17 0.024283
1 17 0.007215
1 17 0.005771
1 17 0.006150
1 17 0.008214
1 17 0.005313
1 17 0.005030
1 17 0.004955
1 17 0.005556
1 17 0.005212
1 17 0.007187
1 17 0.006094
1 17 0.005264
1 17 0.004380
1 17 0.004562
1 17 0.004316
1 17 0.004323
1 17 0.004078
1 17 0.004090
1 17 0.004289
1 17 0.004498
1 17 0.004330
1 17 0.004045
1 17 0.004088
1 18 0.008192
1 18 0.007831
1 18 0.010210
1 18 0.010780
1 18 0.010220
1 18 0.011832
1 18 0.008522
1 18 0.008163
1 18 0.008093
1 18 0.008223
1 18 0.009739
1 18 0.008775
1 18 0.007706
1 18 0.007697
1 18 0.008807
1 18 0.008932
1 18 0.008307
1 18 0.007989
1 18 0.008083
1 18 0.007284
1 18 0.007845
1 18 0.007986
1 18 0.007696
1 18 0.007339
1 18 0.007806
1 18 0.007545
1 18 0.008485
1 18 0.007498
1 18 0.007857
1 18 0.008530
1 18 0.007572
1 18 0.009347
1 18 0.008483
1 18 0.008957
1 18 0.008632
1 18 0.007877
1 18 0.009060
1 18 0.009615
1 18 0.008221
1 18 0.008389
1 18 0.009421
1 18 0.008027
1 18 0.008235
1 18 0.009226
1 18 0.008143
1 18 0.007864
1 18 0.007671
1 18 0.007342
1 18 0.007723
1 18 0.007364
1 18 0.008331
1 18 0.007288
1 18 0.007565
1 18 0.008314
1 18 0.007191
1 18 0.009373
1 18 0.007587
1 18 0.008650
1 18 0.009106
1 18 0.007543
1 18 0.007839
1 18 0.007756
1 18 0.007462
1 18 0.007867
1 18 0.007118
1 18 0.008277
1 18 0.008127
1 18 0.007709
1 18 0.008265
1 18 0.007482
1 18 0.008079
1 18 0.007630
1 18 0.007433
1 18 0.007832
1 18 0.007669
1 18 0.008644
1 18 0.008577
1 18 0.007944
1 18 0.008899
1 18 0.009192
1 18 0.009659
1 18 0.008097
1 18 0.008295
1 18 0.008002
1 18 0.007913
1 18 0.007849
1 18 0.007759
1 18 0.008105
1 18 0.007488
1 18 0.007660
1 18 0.008137
1 18 0.007362
1 18 0.007770
1 18 0.008608
1 18 0.007941
1 18 0.008399
1 18 0.007711
1 18 0.007276
1 18 0.007697
1 18 0.007504
1 19 0.016029
1 19 0.015440
1 19 0.016968
1 19 0.015681
1 19 0.016536
1 19 0.016224
1 19 0.015491
1 19 0.017820
1 19 0.016606
1 19 0.017640
1 19 0.016380
1 19 0.015173
1 19 0.016191
1 19 0.015988
1 19 0.015480
1 19 0.017053
1 19 0.015990
1 19 0.015865
1 19 0.015430
1 19 0.015595
1 19 0.015578
1 19 0.016376
1 19 0.016155
1 19 0.016045
1 19 0.015023
1 19 0.015650
1 19 0.016244
1 19 0.016182
1 19 0.016465
1 19 0.016278
1 19 0.016978
1 19 0.018610
1 19 0.016588
1 19 0.021044
1 19 0.019636
1 19 0.016872
1 19 0.016657
1 19 0.017920
1 19 0.015733
1 19 0.018196
1 19 0.020367
1 19 0.017299
1 19 0.017702
1 19 0.017797
1 19 0.015130
1 19 0.016524
1 19 0.015993
1 19 0.016080
1 19 0.016844
1 19 0.016766
1 19 0.016902
1 19 0.017111
1 19 0.017206
1 19 0.016564
1 19 0.016663
1 19 0.016518
1 19 0.016279
1 19 0.016386
1 19 0.016654
1 19 0.016469
1 19 0.017076
1 19 0.016860
1 19 0.016689
1 19 0.016270
1 19 0.017130
1 19 0.017985
1 19 0.016749
1 19 0.017273
1 19 0.017078
1 19 0.016575
1 19 0.016669
1 19 0.016481
1 19 0.016735
1 19 0.016745
1 19 0.016654
1 19 0.016535
1 19 0.017366
1 19 0.017618
1 19 0.017126
1 19 0.016634
1 19 0.016379
1 19 0.016562
1 19 0.016270
1 19 0.016244
1 19 0.015988
1 19 0.016290
1 19 0.016746
1 19 0.016073
1 19 0.016638
1 19 0.017849
1 19 0.016182
1 19 0.016453
1 19 0.017833
1 19 0.017425
1 19 0.015445
1 19 0.015882
1 19 0.015900
1 19 0.015519
1 19 0.015509
1 19 0.014512
1 20 0.029560
1 20 0.031669
1 20 0.034945
1 20 0.036147
1 20 0.040091
1 20 0.032959
1 20 0.033517
1 20 0.032373
1 20 0.032674
1 20 0.032630
1 20 0.032351
1 20 0.032283
1 20 0.032404
1 20 0.032647
1 20 0.033624
1 20 0.032804
1 20 0.033438
1 20 0.033648
1 20 0.033221
1 20 0.033209
1 20 0.032860
1 20 0.032405
1 20 0.032596
1 20 0.032986
1 20 0.033217
1 20 0.032866
1 20 0.032670
1 20 0.032986
1 20 0.032550
1 20 0.032109
1 20 0.032049
1 20 0.032042
1 20 0.032865
1 20 0.033056
1 20 0.029934
1 20 0.031211
1 20 0.034730
1 20 0.032056
1 20 0.032082
1 20 0.032793
1 20 0.033243
1 20 0.035113
1 20 0.036292
1 20 0.047170
1 20 0.038909
1 20 0.034554
1 20 0.033349
1 20 0.033456
1 20 0.032813
1 20 0.033374
1 20 0.032970
1 20 0.032196
1 20 0.032558
1 20 0.033021
1 20 0.032242
1 20 0.032356
1 20 0.032443
1 20 0.032208
1 20 0.032469
1 20 0.032432
1 20 0.033649
1 20 0.032604
1 20 0.032868
1 20 0.035791
1 20 0.037651
1 20 0.034873
1 20 0.036430
1 20 0.035363
1 20 0.036361
1 20 0.033159
1 20 0.033939
1 20 0.033464
1 20 0.033775
1 20 0.033823
1 20 0.033528
1 20 0.040734
1 20 0.035303
1 20 0.037153
1 20 0.033183
1 20 0.033050
1 20 0.032993
1 20 0.032574
1 20 0.030094
1 20 0.031702
1 20 0.031743
1 20 0.032912
1 20 0.032576
1 20 0.033460
1 20 0.032432
1 20 0.032319
1 20 0.030930
1 20 0.030786
1 20 0.030181
1 20 0.031433
1 20 0.031016
1 20 0.029245
1 20 0.030178
1 20 0.030073
1 20 0.030437
1 20 0.031277
2 10 0.000793
2 10 0.000557
2 10 0.000351
2 10 0.000345
2 10 0.000690
2 10 0.000449
2 10 0.000430
2 10 0.000370
2 10 0.000380
2 10 0.000369
2 10 0.000396
2 10 0.000383
2 10 0.000374
2 10 0.000369
2 10 0.000371
2 10 0.000370
2 10 0.000368
2 10 0.000374
2 10 0.000383
2 10 0.000396
2 10 0.000385
2 10 0.000371
2 10 0.000371
2 10 0.000372
2 10 0.000445
2 10 0.000370
2 10 0.000373
2 10 0.000352
2 10 0.000351
2 10 0.000364
2 10 0.000345
2 10 0.000342
2 10 0.000350
2 10 0.000546
2 10 0.000537
2 10 0.000707
2 10 0.000338
2 10 0.000335
2 10 0.000335
2 10 0.000449
2 10 0.000409
2 10 0.000451
2 10 0.000466
2 10 0.000464
2 10 0.000660
2 10 0.000388
2 10 0.000340
2 10 0.000337
2 10 0.000673
2 10 0.000340
2 10 0.000336
2 10 0.000333
2 10 0.000335
2 10 0.000333
2 10 0.000334
2 10 0.000343
2 10 0.000413
2 10 0.000384
2 10 0.000338
2 10 0.000414
2 10 0.000467
2 10 0.000343
2 10 0.000334
2 10 0.000334
2 10 0.000333
2 10 0.000333
2 10 0.000533
2 10 0.000370
2 10 0.000497
2 10 0.000380
2 10 0.000344
2 10 0.000335
2 10 0.000333
2 10 0.000334
2 10 0.000333
2 10 0.000335
2 10 0.000343
2 10 0.000336
2 10 0.000334
2 10 0.000334
2 10 0.000335
2 10 0.000335
2 10 0.000349
2 10 0.000342
2 10 0.000656
2 10 0.000564
2 10 0.000601
2 10 0.000371
2 10 0.000447
2 10 0.000337
2 10 0.000341
2 10 0.000491
2 10 0.000343
2 10 0.000527
2 10 0.000435
2 10 0.000343
2 10 0.000475
2 10 0.000339
2 10 0.000336
2 10 0.000334
2 11 0.000650
2 11 0.000643
2 11 0.000758
2 11 0.000646
2 11 0.000631
2 11 0.000630
2 11 0.000635
2 11 0.000673
2 11 0.000723
2 11 0.000714
2 11 0.000811
2 11 0.000631
2 11 0.000633
2 11 0.000762
2 11 0.000883
2 11 0.000856
2 11 0.001121
2 11 0.000791
2 11 0.000786
2 11 0.000644
2 11 0.000630
2 11 0.000741
2 11 0.000646
2 11 0.000630
2 11 0.000833
2 11 0.000732
2 11 0.000724
2 11 0.000686
2 11 0.000680
2 11 0.000629
2 11 0.000629
2 11 0.000628
2 11 0.000628
2 11 0.000635
2 11 0.000629
2 11 0.000878
2 11 0.000889
2 11 0.000638
2 11 0.000829
2 11 0.000647
2 11 0.000766
2 11 0.000738
2 11 0.000651
2 11 0.000631
2 11 0.000667
2 11 0.000675
2 11 0.000799
2 11 0.000779
2 11 0.000632
2 11 0.000675
2 11 0.000661
2 11 0.000737
2 11 0.000629
2 11 0.000628
2 11 0.000637
2 11 0.000636
2 11 0.000629
2 11 0.000671
2 11 0.000632
2 11 0.000627
2 11 0.000862
2 11 0.000630
2 11 0.000628
2 11 0.000628
2 11 0.000633
2 11 0.000630
2 11 0.000627
2 11 0.000681
2 11 0.000651
2 11 0.000637
2 11 0.000630
2 11 0.000792
2 11 0.000715
2 11 0.000853
2 11 0.000934
2 11 0.001015
2 11 0.000911
2 11 0.000633
2 11 0.000628
2 11 0.000628
2 11 0.000629
2 11 0.000633
2 11 0.000628
2 11 0.000969
2 11 0.000837
2 11 0.000640
2 11 0.000633
2 11 0.000683
2 11 0.000630
2 11 0.000675
2 11 0.000639
2 11 0.000629
2 11 0.000629
2 11 0.000628
2 11 0.000629
2 11 0.000627
2 11 0.000630
2 11 0.000811
2 11 0.000679
2 11 0.000654
2 12 0.001315
2 12 0.001247
2 12 0.002011
2 12 0.001593
2 12 0.001718
2 12 0.001655
2 12 0.001492
2 12 0.001528
2 12 0.001812
2 12 0.001548
2 12 0.001661
2 12 0.001866
2 12 0.001906
2 12 0.001834
2 12 0.001969
2 12 0.001931
2 12 0.001424
2 12 0.001671
2 12 0.001702
2 12 0.001482
2 12 0.001479
2 12 0.001514
2 12 0.001508
2 12 0.001795
2 12 0.001356
2 12 0.001704
2 12 0.001800
2 12 0.001247
2 12 0.001415
2 12 0.001331
2 12 0.001464
2 12 0.001225
2 12 0.001409
2 12 0.001316
2 12 0.001462
2 12 0.001597
2 12 0.001580
2 12 0.001655
2 12 0.001234
2 12 0.001635
2 12 0.002080
2 12 0.001669
2 12 0.001732
2 12 0.001359
2 12 0.001225
2 12 0.001670
2 12 0.001347
2 12 0.001354
2 12 0.001310
2 12 0.001369
2 12 0.001370
2 12 0.001502
2 12 0.001537
2 12 0.002018
2 12 0.001318
2 12 0.001337
2 12 0.001311
2 12 0.001668
2 12 0.001702
2 12 0.001423
2 12 0.001540
2 12 0.001342
2 12 0.001544
2 12 0.001498
2 12 0.001551
2 12 0.001651
2 12 0.001641
2 12 0.001453
2 12 0.001775
2 12 0.001471
2 12 0.001743
2 12 0.001797
2 12 0.001856
2 12 0.001378
2 12 0.001695
2 12 0.001409
2 12 0.001541
2 12 0.001654
2 12 0.002184
2 12 0.001661
2 12 0.001694
2 12 0.001679
2 12 0.001821
2 12 0.001628
2 12 0.001707
2 12 0.001374
2 12 0.001418
2 12 0.001363
2 12 0.001386
2 12 0.001419
2 12 0.001391
2 12 0.001423
2 12 0.001362
2 12 0.001365
2 12 0.001403
2 12 0.001411
2 12 0.001380
2 12 0.001404
2 12 0.001549
2 12 0.001579
2 13 0.003371
2 13 0.003132
2 13 0.003258
2 13 0.002731
2 13 0.002680
2 13 0.002945
2 13 0.003488
2 13 0.002707
2 13 0.002906
2 13 0.002862
2 13 0.003027
2 13 0.003731
2 13 0.002949
2 13 0.002887
2 13 0.002641
2 13 0.003300
2 13 0.002995
2 13 0.003130
2 13 0.003057
2 13 0.002969
2 13 0.003059
2 13 0.003957
2 13 0.003734
2 13 0.003075
2 13 0.002880
2 13 0.002781
2 13 0.003125
2 13 0.003666
2 13 0.003381
2 13 0.002856
2 13 0.003211
2 13 0.002866
2 13 0.003316
2 13 0.003081
2 13 0.002927
2 13 0.002843
2 13 0.003463
2 13 0.002938
2 13 0.003005
2 13 0.002744
2 13 0.003032
2 13 0.003290
2 13 0.003391
2 13 0.003999
2 13 0.003239
2 13 0.002797
2 13 0.003028
2 13 0.003451
2 13 0.003130
2 13 0.003256
2 13 0.003631
2 13 0.002872
2 13 0.002935
2 13 0.004219
2 13 0.002986
2 13 0.003221
2 13 0.003577
2 13 0.003165
2 13 0.003510
2 13 0.003325
2 13 0.002697
2 13 0.002689
2 13 0.002691
2 13 0.003095
2 13 0.002985
2 13 0.002735
2 13 0.002975
2 13 0.002788
2 13 0.002909
2 13 0.002763
2 13 0.002869
2 13 0.002700
2 13 0.002748
2 13 0.002808
2 13 0.003199
2 13 0.003429
2 13 0.002944
2 13 0.002953
2 13 0.003089
2 13 0.003270
2 13 0.003403
2 13 0.002781
2 13 0.002700
2 13 0.002750
2 13 0.002721
2 13 0.002744
2 13 0.003009
2 13 0.002771
2 13 0.002715
2 13 0.002789
2 13 0.002700
2 13 0.002929
2 13 0.003037
2 13 0.003017
2 13 0.002698
2 13 0.002678
2 13 0.002556
2 13 0.003253
2 13 0.003821
2 13 0.002632
2 14 0.005923
2 14 0.005850
2 14 0.006461
2 14 0.006005
2 14 0.006396
2 14 0.005950
2 14 0.006610
2 14 0.006229
2 14 0.006043
2 14 0.006704
2 14 0.005073
2 14 0.005554
2 14 0.006131
2 14 0.005372
2 14 0.005300
2 14 0.005652
2 14 0.007093
2 14 0.005235
2 14 0.005761
2 14 0.005162
2 14 0.005232
2 14 0.005902
2 14 0.004905
2 14 0.005005
2 14 0.006473
2 14 0.005174
2 14 0.004891
2 14 0.005649
2 14 0.004897
2 14 0.005191
2 14 0.005510
2 14 0.005968
2 14 0.004929
2 14 0.005212
2 14 0.005244
2 14 0.005494
2 14 0.005379
2 14 0.005517
2 14 0.006208
2 14 0.005423
2 14 0.005108
2 14 0.004998
2 14 0.005601
2 14 0.005148
2 14 0.005075
2 14 0.004891
2 14 0.005750
2 14 0.005068
2 14 0.004888
2 14 0.005930
2 14 0.005741
2 14 0.005590
2 14 0.006074
2 14 0.005582
2 14 0.004930
2 14 0.005701
2 14 0.004969
2 14 0.005516
2 14 0.005837
2 14 0.004907
2 14 0.004909
2 14 0.006306
2 14 0.004874
2 14 0.005052
2 14 0.005888
2 14 0.004952
2 14 0.004968
2 14 0.005172
2 14 0.006073
2 14 0.005068
2 14 0.005432
2 14 0.006087
2 14 0.005298
2 14 0.005217
2 14 0.005255
2 14 0.005162
2 14 0.005273
2 14 0.005212
2 14 0.005034
2 14 0.005610
2 14 0.005530
2 14 0.004964
2 14 0.004963
2 14 0.005797
2 14 0.004946
2 14 0.004910
2 14 0.005501
2 14 0.005537
2 14 0.004932
2 14 0.005215
2 14 0.005557
2 14 0.005564
2 14 0.005185
2 14 0.005455
2 14 0.005303
2 14 0.005016
2 14 0.005679
2 14 0.004891
2 14 0.005295
2 14 0.005932
2 15 0.010388
2 15 0.011142
2 15 0.010269
2 15 0.010329
2 15 0.012034
2 15 0.011871
2 15 0.010769
2 15 0.010919
2 15 0.011410
2 15 0.010393
2 15 0.011521
2 15 0.011090
2 15 0.011145
2 15 0.011990
2 15 0.011074
2 15 0.011563
2 15 0.010618
2 15 0.011318
2 15 0.010531
2 15 0.012411
2 15 0.012678
2 15 0.011864
2 15 0.010517
2 15 0.013664
2 15 0.012937
2 15 0.011548
2 15 0.010976
2 15 0.012170
2 15 0.010604
2 15 0.010173
2 15 0.009766
2 15 0.010214
2 15 0.010615
2 15 0.010746
2 15 0.009710
2 15 0.010534
2 15 0.009609
2 15 0.010400
2 15 0.010607
2 15 0.009945
2 15 0.009247
2 15 0.010097
2 15 0.010039
2 15 0.010273
2 15 0.009397
2 15 0.011337
2 15 0.009739
2 15 0.009760
2 15 0.009320
2 15 0.009738
2 15 0.009520
2 15 0.010237
2 15 0.010882
2 15 0.010174
2 15 0.009272
2 15 0.010309
2 15 0.009334
2 15 0.009743
2 15 0.009431
2 15 0.010028
2 15 0.009200
2 15 0.010115
2 15 0.009972
2 15 0.010016
2 15 0.009734
2 15 0.010033
2 15 0.009422
2 15 0.010163
2 15 0.009925
2 15 0.010538
2 15 0.010077
2 15 0.010637
2 15 0.010904
2 15 0.011094
2 15 0.011021
2 15 0.010974
2 15 0.010728
2 15 0.010495
2 15 0.010934
2 15 0.009576
2 15 0.010295
2 15 0.009602
2 15 0.011377
2 15 0.010304
2 15 0.010888
2 15 0.009645
2 15 0.010063
2 15 0.010230
2 15 0.010313
2 15 0.009411
2 15 0.010009
2 15 0.009257
2 15 0.011204
2 15 0.010094
2 15 0.011249
2 15 0.009504
2 15 0.010244
2 15 0.009275
2 15 0.009856
2 15 0.009176
2 16 0.019595
2 16 0.019769
2 16 0.019827
2 16 0.020342
2 16 0.019387
2 16 0.024797
2 16 0.022273
2 16 0.024348
2 16 0.023792
2 16 0.021525
2 16 0.021353
2 16 0.021959
2 16 0.020460
2 16 0.021728
2 16 0.020637
2 16 0.020983
2 16 0.021958
2 16 0.022832
2 16 0.021087
2 16 0.020847
2 16 0.023140
2 16 0.022073
2 16 0.022234
2 16 0.022956
2 16 0.022555
2 16 0.024637
2 16 0.022558
2 16 0.021911
2 16 0.023805
2 16 0.021440
2 16 0.021766
2 16 0.023247
2 16 0.023440
2 16 0.022259
2 16 0.022780
2 16 0.024265
2 16 0.025599
2 16 0.025744
2 16 0.022843
2 16 0.021761
2 16 0.021108
2 16 0.022431
2 16 0.022507
2 16 0.021889
2 16 0.021634
2 16 0.020471
2 16 0.020713
2 16 0.020688
2 16 0.021516
2 16 0.021571
2 16 0.020998
2 16 0.021625
2 16 0.020785
2 16 0.021425
2 16 0.022493
2 16 0.022907
2 16 0.021539
2 16 0.021125
2 16 0.022504
2 16 0.022687
2 16 0.022785
2 16 0.021854
2 16 0.022793
2 16 0.023141
2 16 0.021742
2 16 0.021976
2 16 0.024516
2 16 0.033569
2 16 0.029299
2 16 0.026868
2 16 0.023687
2 16 0.022260
2 16 0.021682
2 16 0.020877
2 16 0.020125
2 16 0.021621
2 16 0.021984
2 16 0.020886
2 16 0.021297
2 16 0.021659
2 16 0.022328
2 16 0.022171
2 16 0.021293
2 16 0.020249
2 16 0.021053
2 16 0.022675
2 16 0.021585
2 16 0.020382
2 16 0.020616
2 16 0.021114
2 16 0.021711
2 16 0.020405
2 16 0.020807
2 16 0.022006
2 16 0.021093
2 16 0.022039
2 16 0.023511
2 16 0.023572
2 16 0.021864
2 16 0.022346
2 17 0.043601
2 17 0.039979
2 17 0.042819
2 17 0.040362
2 17 0.041365
2 17 0.040316
2 17 0.039802
2 17 0.041738
2 17 0.039802
2 17 0.042444
2 17 0.044365
2 17 0.047564
2 17 0.047429
2 17 0.044829
2 17 0.042481
2 17 0.042247
2 17 0.040211
2 17 0.043597
2 17 0.045286
2 17 0.044745
2 17 0.044568
2 17 0.045033
2 17 0.045408
2 17 0.045770
2 17 0.044801
2 17 0.040443
2 17 0.041874
2 17 0.040440
2 17 0.041259
2 17 0.040834
2 17 0.041455
2 17 0.043015
2 17 0.042965
2 17 0.047595
2 17 0.049585
2 17 0.043732
2 17 0.050355
2 17 0.050585
2 17 0.046912
2 17 0.043858
2 17 0.043822
2 17 0.044375
2 17 0.046548
2 17 0.046384
2 17 0.045712
2 17 0.045156
2 17 0.045955
2 17 0.045019
2 17 0.044012
2 17 0.046465
2 17 0.046167
2 17 0.043634
2 17 0.041995
2 17 0.042059
2 17 0.044078
2 17 0.044459
2 17 0.044654
2 17 0.043251
2 17 0.045277
2 17 0.045615
2 17 0.046410
2 17 0.044535
2 17 0.044231
2 17 0.044053
2 17 0.044382
2 17 0.045055
2 17 0.041693
2 17 0.043462
2 17 0.042413
2 17 0.043006
2 17 0.044508
2 17 0.048457
2 17 0.045983
2 17 0.043288
2 17 0.046142
2 17 0.046750
2 17 0.044533
2 17 0.043275
2 17 0.043148
2 17 0.041395
2 17 0.039321
2 17 0.039870
2 17 0.041902
2 17 0.041710
2 17 0.045704
2 17 0.048194
2 17 0.043873
2 17 0.041538
2 17 0.054104
2 17 0.046688
2 17 0.042964
2 17 0.045140
2 17 0.043015
2 17 0.044036
2 17 0.043151
2 17 0.043545
2 17 0.044942
2 17 0.041542
2 17 0.044405
2 17 0.042362
2 18 0.088108
2 18 0.087046
2 18 0.084903
2 18 0.081896
2 18 0.079397
2 18 0.079615
2 18 0.082589
2 18 0.077505
2 18 0.079427
2 18 0.081399
2 18 0.081654
2 18 0.077526
2 18 0.078217
2 18 0.081816
2 18 0.079916
2 18 0.078780
2 18 0.082795
2 18 0.079848
2 18 0.081628
2 18 0.080528
2 18 0.079411
2 18 0.078784
2 18 0.080351
2 18 0.079073
2 18 0.078886
2 18 0.079002
2 18 0.078633
2 18 0.081333
2 18 0.083947
2 18 0.081441
2 18 0.079579
2 18 0.090948
2 18 0.086336
2 18 0.099215
2 18 0.096295
2 18 0.082387
2 18 0.085875
2 18 0.093842
2 18 0.083388
2 18 0.083310
2 18 0.091300
2 18 0.090019
2 18 0.090907
2 18 0.086473
2 18 0.105267
2 18 0.125269
2 18 0.085119
2 18 0.082801
2 18 0.088025
2 18 0.083384
2 18 0.088662
2 18 0.083040
2 18 0.079163
2 18 0.079393
2 18 0.079734
2 18 0.079695
2 18 0.077933
2 18 0.078614
2 18 0.079650
2 18 0.080051
2 18 0.079218
2 18 0.078261
2 18 0.081327
2 18 0.079864
2 18 0.081180
2 18 0.078512
2 18 0.082220
2 18 0.079679
2 18 0.079247
2 18 0.079388
2 18 0.079176
2 18 0.080030
2 18 0.079879
2 18 0.077927
2 18 0.078977
2 18 0.080902
2 18 0.080156
2 18 0.078780
2 18 0.079376
2 18 0.079797
2 18 0.078908
2 18 0.079992
2 18 0.077947
2 18 0.079759
2 18 0.078516
2 18 0.079345
2 18 0.087333
2 18 0.080572
2 18 0.080679
2 18 0.080099
2 18 0.079362
2 18 0.080019
2 18 0.079258
2 18 0.079319
2 18 0.080943
2 18 0.080067
2 18 0.080894
2 18 0.079779
2 18 0.079815
2 18 0.079981
2 19 0.168842
2 19 0.167411
2 19 0.162345
2 19 0.162879
2 19 0.162767
2 19 0.163304
2 19 0.163705
2 19 0.168348
2 19 0.170566
2 19 0.171578
2 19 0.169875
2 19 0.168835
2 19 0.169165
2 19 0.169715
2 19 0.165474
2 19 0.161273
2 19 0.162634
2 19 0.159789
2 19 0.160250
2 19 0.164314
2 19 0.162494
2 19 0.162487
2 19 0.161372
2 19 0.162222
2 19 0.163178
2 19 0.170880
2 19 0.160661
2 19 0.166447
2 19 0.162816
2 19 0.159902
2 19 0.164014
2 19 0.161497
2 19 0.165807
2 19 0.163261
2 19 0.160229
2 19 0.161648
2 19 0.162848
2 19 0.173318
2 19 0.161767
2 19 0.161278
2 19 0.163941
2 19 0.161004
2 19 0.166226
2 19 0.161391
2 19 0.165050
2 19 0.160300
2 19 0.159926
2 19 0.167730
2 19 0.159529
2 19 0.158409
2 19 0.162874
2 19 0.159779
2 19 0.159878
2 19 0.160895
2 19 0.166020
2 19 0.159047
2 19 0.160749
2 19 0.159646
2 19 0.162347
2 19 0.161386
2 19 0.159543
2 19 0.161128
2 19 0.160065
2 19 0.159735
2 19 0.159411
2 19 0.158696
2 19 0.159577
2 19 0.161309
2 19 0.159759
2 19 0.163090
2 19 0.157818
2 19 0.158625
2 19 0.159187
2 19 0.160410
2 19 0.159252
2 19 0.162601
2 19 0.158405
2 19 0.160474
2 19 0.162414
2 19 0.158234
2 19 0.159228
2 19 0.163090
2 19 0.161403
2 19 0.159354
2 19 0.159578
2 19 0.158013
2 19 0.159653
2 19 0.158130
2 19 0.160547
2 19 0.158218
2 19 0.161894
2 19 0.168062
2 19 0.159851
2 19 0.160244
2 19 0.161523
2 19 0.157560
2 19 0.158459
2 19 0.159575
2 19 0.160474
2 19 0.174902
2 20 0.330844
2 20 0.325920
2 20 0.333593
2 20 0.334142
2 20 0.327444
2 20 0.329662
2 20 0.329862
2 20 0.328922
2 20 0.337893
2 20 0.330974
2 20 0.327175
2 20 0.329809
2 20 0.332280
2 20 0.326528
2 20 0.329507
2 20 0.346128
2 20 0.329549
2 20 0.327036
2 20 0.326162
2 20 0.334689
2 20 0.329097
2 20 0.329187
2 20 0.326554
2 20 0.329200
2 20 0.327332
2 20 0.329663
2 20 0.327116
2 20 0.327779
2 20 0.326709
2 20 0.324174
2 20 0.344102
2 20 0.329602
2 20 0.327023
2 20 0.330580
2 20 0.325252
2 20 0.328430
2 20 0.327443
2 20 0.324892
2 20 0.340550
2 20 0.331777
2 20 0.324090
2 20 0.329292
2 20 0.327347
2 20 0.325226
2 20 0.332267
2 20 0.331494
2 20 0.337102
2 20 0.330429
2 20 0.329199
2 20 0.328057
2 20 0.327343
2 20 0.331187
2 20 0.326330
2 20 0.327521
2 20 0.327784
2 20 0.327320
2 20 0.327933
2 20 0.337128
2 20 0.327612
2 20 0.326408
2 20 0.333824
2 20 0.334204
2 20 0.325365
2 20 0.334036
2 20 0.328668
2 20 0.325815
2 20 0.328009
2 20 0.326578
2 20 0.341773
2 20 0.331896
2 20 0.327951
2 20 0.328628
2 20 0.328999
2 20 0.327575
2 20 0.327451
2 20 0.330817
2 20 0.326514
2 20 0.325908
2 20 0.329013
2 20 0.326622
2 20 0.342590
2 20 0.329104
2 20 0.327243
2 20 0.327393
2 20 0.331672
2 20 0.328346
2 20 0.341909
2 20 0.330035
2 20 0.333862
2 20 0.326216
2 20 0.327140
2 20 0.347526
2 20 0.326613
2 20 0.328019
2 20 0.331409
2 20 0.325189
2 20 0.323998
2 20 0.329737
2 20 0.329226
2 20 0.329847
4 10 0.000834
4 10 0.000566
4 10 0.000373
4 10 0.000410
4 10 0.000360
4 10 0.000389
4 10 0.000419
4 10 0.000512
4 10 0.000396
4 10 0.000419
4 10 0.000368
4 10 0.000382
4 10 0.000348
4 10 0.000345
4 10 0.000340
4 10 0.000340
4 10 0.000372
4 10 0.000359
4 10 0.000346
4 10 0.000387
4 10 0.000350
4 10 0.000376
4 10 0.000349
4 10 0.000444
4 10 0.000469
4 10 0.000348
4 10 0.000401
4 10 0.000361
4 10 0.000356
4 10 0.000341
4 10 0.000340
4 10 0.000348
4 10 0.000355
4 10 0.000342
4 10 0.000334
4 10 0.000335
4 10 0.000333
4 10 0.000332
4 10 0.000330
4 10 0.000339
4 10 0.000332
4 10 0.000339
4 10 0.000354
4 10 0.000351
4 10 0.000397
4 10 0.000348
4 10 0.000413
4 10 0.000397
4 10 0.000341
4 10 0.000332
4 10 0.000381
4 10 0.000417
4 10 0.000415
4 10 0.000368
4 10 0.000357
4 10 0.000347
4 10 0.000344
4 10 0.000332
4 10 0.000331
4 10 0.000331
4 10 0.000338
4 10 0.000341
4 10 0.000339
4 10 0.000331
4 10 0.000332
4 10 0.000330
4 10 0.000348
4 10 0.000330
4 10 0.000418
4 10 0.000472
4 10 0.000427
4 10 0.000616
4 10 0.000453
4 10 0.000572
4 10 0.000467
4 10 0.000395
4 10 0.000361
4 10 0.000351
4 10 0.000339
4 10 0.000334
4 10 0.000334
4 10 0.000344
4 10 0.000337
4 10 0.000393
4 10 0.000362
4 10 0.000356
4 10 0.000371
4 10 0.000398
4 10 0.000430
4 10 0.000472
4 10 0.000456
4 10 0.000656
4 10 0.000414
4 10 0.000403
4 10 0.000338
4 10 0.000332
4 10 0.000334
4 10 0.000331
4 10 0.000369
4 10 0.000366
4 11 0.000630
4 11 0.000616
4 11 0.000612
4 11 0.000625
4 11 0.000634
4 11 0.000786
4 11 0.000823
4 11 0.000992
4 11 0.001242
4 11 0.000692
4 11 0.000644
4 11 0.000673
4 11 0.000879
4 11 0.000719
4 11 0.000949
4 11 0.000894
4 11 0.000684
4 11 0.000762
4 11 0.000741
4 11 0.000998
4 11 0.000960
4 11 0.000727
4 11 0.000637
4 11 0.000606
4 11 0.000640
4 11 0.000933
4 11 0.000840
4 11 0.000748
4 11 0.000638
4 11 0.000705
4 11 0.000687
4 11 0.000731
4 11 0.000610
4 11 0.000595
4 11 0.000595
4 11 0.000593
4 11 0.001016
4 11 0.000895
4 11 0.000912
4 11 0.000865
4 11 0.000812
4 11 0.000728
4 11 0.001019
4 11 0.000602
4 11 0.000574
4 11 0.001048
4 11 0.000817
4 11 0.000865
4 11 0.000759
4 11 0.000835
4 11 0.000907
4 11 0.000856
4 11 0.000886
4 11 0.000748
4 11 0.000732
4 11 0.000963
4 11 0.000695
4 11 0.000763
4 11 0.000816
4 11 0.000633
4 11 0.000714
4 11 0.000888
4 11 0.000814
4 11 0.000783
4 11 0.000793
4 11 0.000762
4 11 0.001039
4 11 0.000915
4 11 0.000854
4 11 0.000797
4 11 0.000820
4 11 0.000700
4 11 0.000717
4 11 0.000702
4 11 0.000702
4 11 0.000839
4 11 0.000730
4 11 0.000859
4 11 0.000836
4 11 0.000715
4 11 0.000859
4 11 0.001008
4 11 0.000691
4 11 0.000759
4 11 0.000604
4 11 0.000721
4 11 0.000705
4 11 0.000915
4 11 0.000826
4 11 0.000712
4 11 0.000606
4 11 0.000593
4 11 0.000596
4 11 0.000592
4 11 0.000597
4 11 0.000647
4 11 0.000711
4 11 0.001005
4 11 0.000693
4 11 0.000706
4 12 0.001406
4 12 0.001652
4 12 0.001503
4 12 0.001739
4 12 0.001777
4 12 0.001402
4 12 0.001796
4 12 0.001493
4 12 0.001516
4 12 0.001700
4 12 0.001564
4 12 0.001592
4 12 0.001640
4 12 0.001695
4 12 0.001456
4 12 0.001193
4 12 0.001174
4 12 0.001463
4 12 0.001187
4 12 0.001467
4 12 0.001466
4 12 0.001229
4 12 0.001309
4 12 0.001410
4 12 0.001264
4 12 0.001421
4 12 0.001447
4 12 0.001179
4 12 0.001350
4 12 0.001446
4 12 0.001297
4 12 0.001422
4 12 0.001297
4 12 0.001366
4 12 0.001417
4 12 0.001312
4 12 0.001647
4 12 0.001779
4 12 0.001444
4 12 0.001219
4 12 0.001554
4 12 0.001309
4 12 0.001400
4 12 0.001622
4 12 0.001166
4 12 0.001210
4 12 0.001235
4 12 0.001323
4 12 0.001765
4 12 0.001467
4 12 0.001422
4 12 0.001585
4 12 0.001334
4 12 0.001353
4 12 0.001535
4 12 0.001303
4 12 0.001140
4 12 0.001305
4 12 0.001462
4 12 0.001606
4 12 0.001595
4 12 0.001532
4 12 0.001458
4 12 0.001432
4 12 0.001278
4 12 0.001726
4 12 0.001453
4 12 0.001267
4 12 0.001227
4 12 0.001485
4 12 0.001511
4 12 0.001752
4 12 0.001465
4 12 0.001433
4 12 0.001297
4 12 0.001501
4 12 0.001565
4 12 0.001632
4 12 0.001629
4 12 0.001613
4 12 0.001723
4 12 0.001654
4 12 0.001613
4 12 0.001402
4 12 0.001305
4 12 0.001337
4 12 0.001504
4 12 0.001871
4 12 0.001575
4 12 0.001319
4 12 0.001390
4 12 0.001753
4 12 0.001584
4 12 0.001859
4 12 0.001820
4 12 0.001534
4 12 0.001726
4 12 0.002218
4 12 0.001668
4 12 0.001200
4 13 0.002824
4 13 0.003125
4 13 0.003178
4 13 0.003007
4 13 0.002524
4 13 0.002605
4 13 0.002950
4 13 0.003121
4 13 0.003450
4 13 0.002509
4 13 0.002597
4 13 0.002810
4 13 0.002884
4 13 0.003322
4 13 0.002776
4 13 0.002363
4 13 0.002372
4 13 0.002474
4 13 0.002693
4 13 0.002922
4 13 0.003000
4 13 0.002610
4 13 0.002895
4 13 0.002341
4 13 0.002800
4 13 0.003040
4 13 0.002314
4 13 0.003007
4 13 0.002237
4 13 0.002471
4 13 0.002906
4 13 0.002738
4 13 0.002489
4 13 0.002549
4 13 0.002420
4 13 0.002750
4 13 0.002421
4 13 0.002787
4 13 0.002931
4 13 0.003097
4 13 0.003443
4 13 0.003171
4 13 0.002888
4 13 0.002696
4 13 0.002483
4 13 0.002335
4 13 0.002398
4 13 0.002332
4 13 0.002398
4 13 0.002799
4 13 0.002510
4 13 0.002305
4 13 0.002697
4 13 0.002308
4 13 0.002485
4 13 0.002602
4 13 0.003017
4 13 0.002812
4 13 0.002449
4 13 0.002422
4 13 0.002420
4 13 0.002375
4 13 0.002740
4 13 0.002988
4 13 0.002656
4 13 0.003309
4 13 0.002297
4 13 0.002729
4 13 0.002975
4 13 0.002713
4 13 0.002680
4 13 0.002578
4 13 0.002637
4 13 0.002723
4 13 0.002753
4 13 0.003046
4 13 0.002699
4 13 0.002843
4 13 0.003331
4 13 0.003003
4 13 0.002960
4 13 0.002903
4 13 0.002858
4 13 0.002290
4 13 0.002273
4 13 0.002747
4 13 0.002783
4 13 0.002900
4 13 0.002750
4 13 0.002630
4 13 0.002461
4 13 0.002650
4 13 0.002706
4 13 0.003021
4 13 0.003061
4 13 0.002813
4 13 0.002337
4 13 0.003052
4 13 0.003366
4 13 0.003533
4 14 0.005082
4 14 0.005728
4 14 0.005967
4 14 0.005229
4 14 0.005606
4 14 0.006294
4 14 0.005609
4 14 0.005640
4 14 0.006088
4 14 0.005915
4 14 0.005853
4 14 0.006098
4 14 0.005716
4 14 0.005968
4 14 0.006084
4 14 0.006115
4 14 0.018159
4 14 0.007519
4 14 0.015917
4 14 0.008148
4 14 0.012824
4 14 0.009627
4 14 0.006525
4 14 0.015041
4 14 0.006256
4 14 0.005611
4 14 0.005069
4 14 0.006030
4 14 0.006043
4 14 0.004771
4 14 0.004602
4 14 0.005322
4 14 0.004971
4 14 0.004536
4 14 0.004882
4 14 0.005306
4 14 0.004580
4 14 0.004699
4 14 0.004853
4 14 0.004609
4 14 0.004893
4 14 0.005033
4 14 0.005121
4 14 0.006052
4 14 0.005634
4 14 0.005098
4 14 0.004858
4 14 0.004930
4 14 0.004923
4 14 0.004669
4 14 0.004628
4 14 0.005662
4 14 0.005045
4 14 0.004849
4 14 0.005107
4 14 0.005257
4 14 0.004883
4 14 0.005314
4 14 0.005274
4 14 0.005900
4 14 0.005536
4 14 0.006317
4 14 0.005441
4 14 0.005689
4 14 0.005745
4 14 0.005339
4 14 0.006097
4 14 0.005972
4 14 0.012357
4 14 0.017947
4 14 0.008041
4 14 0.010140
4 14 0.006070
4 14 0.006321
4 14 0.008782
4 14 0.005635
4 14 0.008457
4 14 0.007933
4 14 0.012721
4 14 0.005501
4 14 0.006005
4 14 0.005668
4 14 0.006284
4 14 0.005227
4 14 0.004588
4 14 0.004840
4 14 0.004937
4 14 0.004929
4 14 0.004740
4 14 0.004896
4 14 0.005053
4 14 0.005155
4 14 0.004943
4 14 0.005110
4 14 0.004819
4 14 0.005351
4 14 0.005279
4 14 0.004774
4 14 0.004404
4 14 0.006001
4 15 0.009910
4 15 0.009581
4 15 0.009878
4 15 0.010910
4 15 0.009790
4 15 0.011453
4 15 0.010189
4 15 0.011393
4 15 0.010456
4 15 0.010440
4 15 0.011507
4 15 0.011637
4 15 0.011288
4 15 0.011316
4 15 0.011869
4 15 0.012409
4 15 0.010150
4 15 0.010194
4 15 0.010864
4 15 0.009707
4 15 0.009522
4 15 0.009723
4 15 0.009802
4 15 0.011695
4 15 0.010405
4 15 0.011021
4 15 0.011945
4 15 0.012062
4 15 0.011266
4 15 0.010821
4 15 0.012069
4 15 0.012795
4 15 0.011897
4 15 0.011448
4 15 0.012276
4 15 0.011069
4 15 0.010089
4 15 0.009593
4 15 0.009843
4 15 0.010148
4 15 0.009619
4 15 0.009608
4 15 0.010254
4 15 0.009848
4 15 0.011189
4 15 0.010491
4 15 0.011882
4 15 0.010656
4 15 0.009639
4 15 0.010733
4 15 0.009853
4 15 0.010065
4 15 0.011364
4 15 0.010459
4 15 0.010447
4 15 0.010601
4 15 0.009048
4 15 0.010279
4 15 0.009554
4 15 0.009690
4 15 0.010092
4 15 0.010061
4 15 0.009568
4 15 0.012217
4 15 0.009804
4 15 0.010304
4 15 0.010264
4 15 0.011973
4 15 0.015820
4 15 0.012652
4 15 0.010589
4 15 0.009220
4 15 0.011352
4 15 0.011329
4 15 0.009599
4 15 0.009174
4 15 0.009720
4 15 0.009662
4 15 0.009583
4 15 0.010469
4 15 0.010722
4 15 0.008733
4 15 0.010210
4 15 0.009848
4 15 0.010531
4 15 0.010203
4 15 0.009511
4 15 0.009619
4 15 0.010002
4 15 0.009958
4 15 0.009554
4 15 0.009960
4 15 0.009701
4 15 0.009562
4 15 0.012635
4 15 0.011037
4 15 0.009425
4 15 0.011234
4 15 0.012102
4 15 0.011463
4 16 0.021810
4 16 0.021808
4 16 0.023215
4 16 0.020534
4 16 0.019350
4 16 0.020026
4 16 0.021252
4 16 0.020151
4 16 0.022690
4 16 0.020185
4 16 0.020976
4 16 0.023006
4 16 0.020423
4 16 0.019220
4 16 0.020494
4 16 0.019635
4 16 0.020815
4 16 0.019673
4 16 0.019094
4 16 0.017775
4 16 0.019363
4 16 0.018765
4 16 0.019967
4 16 0.020079
4 16 0.019138
4 16 0.018609
4 16 0.022002
4 16 0.022024
4 16 0.022058
4 16 0.022548
4 16 0.020510
4 16 0.018868
4 16 0.019660
4 16 0.019538
4 16 0.018437
4 16 0.017653
4 16 0.017678
4 16 0.019060
4 16 0.021236
4 16 0.019382
4 16 0.018673
4 16 0.018756
4 16 0.019644
4 16 0.021118
4 16 0.018622
4 16 0.019788
4 16 0.018803
4 16 0.019633
4 16 0.020403
4 16 0.018859
4 16 0.018723
4 16 0.018940
4 16 0.018842
4 16 0.019408
4 16 0.019949
4 16 0.019557
4 16 0.021323
4 16 0.019914
4 16 0.020109
4 16 0.021169
4 16 0.019666
4 16 0.023400
4 16 0.021156
4 16 0.021521
4 16 0.021900
4 16 0.019716
4 16 0.019623
4 16 0.020305
4 16 0.020773
4 16 0.021397
4 16 0.019132
4 16 0.019210
4 16 0.019329
4 16 0.020826
4 16 0.020215
4 16 0.019210
4 16 0.019505
4 16 0.018992
4 16 0.019572
4 16 0.020775
4 16 0.019961
4 16 0.020017
4 16 0.018561
4 16 0.017886
4 16 0.019336
4 16 0.019792
4 16 0.018928
4 16 0.018417
4 16 0.018132
4 16 0.019218
4 16 0.019451
4 16 0.018308
4 16 0.018778
4 16 0.018709
4 16 0.018306
4 16 0.018596
4 16 0.018428
4 16 0.018555
4 16 0.018259
4 16 0.017935
4 17 0.039755
4 17 0.037326
4 17 0.037581
4 17 0.041267
4 17 0.037245
4 17 0.038464
4 17 0.037326
4 17 0.036936
4 17 0.040075
4 17 0.037866
4 17 0.036766
4 17 0.038065
4 17 0.037079
4 17 0.037177
4 17 0.038633
4 17 0.036603
4 17 0.038012
4 17 0.039237
4 17 0.036242
4 17 0.038397
4 17 0.037095
4 17 0.037212
4 17 0.041254
4 17 0.040735
4 17 0.037601
4 17 0.042403
4 17 0.040453
4 17 0.039833
4 17 0.038238
4 17 0.037397
4 17 0.039498
4 17 0.037289
4 17 0.041241
4 17 0.037904
4 17 0.038631
4 17 0.038755
4 17 0.037376
4 17 0.037809
4 17 0.037925
4 17 0.037813
4 17 0.037241
4 17 0.038592
4 17 0.042243
4 17 0.041921
4 17 0.037864
4 17 0.038414
4 17 0.039836
4 17 0.037620
4 17 0.036918
4 17 0.039054
4 17 0.036149
4 17 0.038396
4 17 0.036855
4 17 0.036457
4 17 0.037979
4 17 0.037175
4 17 0.038026
4 17 0.040226
4 17 0.037971
4 17 0.037475
4 17 0.037989
4 17 0.037504
4 17 0.038038
4 17 0.037551
4 17 0.036326
4 17 0.038939
4 17 0.037056
4 17 0.036283
4 17 0.038704
4 17 0.039589
4 17 0.037428
4 17 0.036640
4 17 0.036129
4 17 0.037825
4 17 0.036624
4 17 0.036677
4 17 0.038769
4 17 0.039130
4 17 0.036991
4 17 0.037780
4 17 0.035703
4 17 0.037887
4 17 0.038128
4 17 0.037615
4 17 0.041741
4 17 0.038944
4 17 0.040419
4 17 0.037985
4 17 0.037214
4 17 0.037168
4 17 0.037043
4 17 0.036314
4 17 0.037543
4 17 0.037382
4 17 0.037423
4 17 0.038271
4 17 0.038767
4 17 0.037587
4 17 0.037457
4 17 0.039467
4 18 0.074734
4 18 0.078271
4 18 0.079328
4 18 0.077316
4 18 0.079184
4 18 0.075715
4 18 0.076487
4 18 0.076041
4 18 0.075754
4 18 0.076625
4 18 0.075419
4 18 0.076710
4 18 0.078324
4 18 0.075063
4 18 0.078341
4 18 0.076250
4 18 0.075360
4 18 0.080562
4 18 0.080429
4 18 0.079795
4 18 0.080040
4 18 0.080293
4 18 0.081284
4 18 0.079863
4 18 0.078344
4 18 0.082969
4 18 0.087924
4 18 0.077894
4 18 0.076875
4 18 0.076024
4 18 0.082886
4 18 0.074413
4 18 0.075677
4 18 0.075386
4 18 0.087042
4 18 0.072858
4 18 0.073334
4 18 0.076974
4 18 0.076794
4 18 0.077168
4 18 0.078379
4 18 0.073459
4 18 0.079975
4 18 0.080187
4 18 0.075400
4 18 0.072788
4 18 0.073703
4 18 0.073210
4 18 0.073852
4 18 0.073387
4 18 0.074528
4 18 0.072106
4 18 0.073368
4 18 0.073561
4 18 0.073004
4 18 0.075940
4 18 0.075891
4 18 0.075105
4 18 0.073665
4 18 0.072515
4 18 0.073833
4 18 0.073450
4 18 0.082929
4 18 0.081632
4 18 0.073161
4 18 0.072757
4 18 0.074589
4 18 0.073430
4 18 0.073428
4 18 0.074429
4 18 0.079893
4 18 0.074140
4 18 0.072643
4 18 0.073166
4 18 0.073367
4 18 0.073656
4 18 0.073687
4 18 0.074065
4 18 0.076012
4 18 0.072319
4 18 0.073373
4 18 0.073441
4 18 0.072633
4 18 0.074720
4 18 0.076547
4 18 0.074587
4 18 0.072479
4 18 0.074066
4 18 0.072244
4 18 0.073814
4 18 0.074338
4 18 0.072448
4 18 0.081394
4 18 0.073310
4 18 0.074035
4 18 0.073431
4 18 0.074538
4 18 0.077253
4 18 0.073611
4 18 0.073951
4 19 0.146792
4 19 0.149164
4 19 0.149005
4 19 0.147355
4 19 0.146717
4 19 0.151081
4 19 0.146565
4 19 0.146884
4 19 0.149721
4 19 0.147815
4 19 0.148947
4 19 0.149191
4 19 0.152477
4 19 0.146860
4 19 0.151030
4 19 0.149058
4 19 0.147770
4 19 0.147151
4 19 0.150682
4 19 0.147500
4 19 0.148550
4 19 0.149184
4 19 0.160867
4 19 0.149479
4 19 0.149929
4 19 0.156572
4 19 0.148910
4 19 0.148358
4 19 0.146403
4 19 0.149238
4 19 0.146780
4 19 0.150148
4 19 0.149978
4 19 0.151185
4 19 0.148007
4 19 0.150675
4 19 0.147111
4 19 0.148480
4 19 0.152071
4 19 0.150425
4 19 0.147440
4 19 0.150346
4 19 0.148283
4 19 0.150740
4 19 0.153885
4 19 0.152810
4 19 0.153093
4 19 0.151644
4 19 0.172682
4 19 0.154195
4 19 0.147874
4 19 0.153965
4 19 0.150464
4 19 0.145653
4 19 0.148841
4 19 0.148200
4 19 0.149587
4 19 0.147749
4 19 0.150614
4 19 0.146935
4 19 0.149131
4 19 0.148623
4 19 0.156438
4 19 0.152641
4 19 0.149990
4 19 0.150744
4 19 0.149133
4 19 0.151208
4 19 0.148771
4 19 0.146067
4 19 0.146855
4 19 0.150299
4 19 0.149850
4 19 0.146313
4 19 0.149871
4 19 0.147983
4 19 0.150111
4 19 0.147595
4 19 0.153750
4 19 0.147538
4 19 0.147946
4 19 0.147646
4 19 0.147983
4 19 0.150732
4 19 0.153125
4 19 0.150443
4 19 0.147651
4 19 0.150760
4 19 0.148059
4 19 0.150684
4 19 0.146558
4 19 0.151137
4 19 0.148914
4 19 0.147601
4 19 0.148425
4 19 0.146783
4 19 0.148311
4 19 0.146544
4 19 0.151340
4 19 0.147017
4 20 0.305593
4 20 0.304735
4 20 0.312777
4 20 0.303509
4 20 0.305933
4 20 0.302821
4 20 0.305235
4 20 0.322498
4 20 0.307500
4 20 0.304609
4 20 0.308135
4 20 0.306571
4 20 0.305090
4 20 0.305755
4 20 0.316529
4 20 0.313319
4 20 0.304479
4 20 0.303180
4 20 0.307056
4 20 0.305131
4 20 0.303276
4 20 0.310160
4 20 0.308111
4 20 0.305931
4 20 0.305645
4 20 0.306627
4 20 0.309868
4 20 0.322369
4 20 0.310442
4 20 0.312611
4 20 0.303849
4 20 0.308617
4 20 0.304089
4 20 0.312127
4 20 0.309956
4 20 0.315318
4 20 0.303762
4 20 0.304662
4 20 0.303984
4 20 0.307215
4 20 0.320306
4 20 0.307048
4 20 0.306824
4 20 0.304056
4 20 0.306959
4 20 0.305286
4 20 0.309769
4 20 0.309812
4 20 0.310381
4 20 0.310665
4 20 0.351811
4 20 0.331207
4 20 0.317848
4 20 0.307749
4 20 0.304812
4 20 0.303479
4 20 0.311933
4 20 0.304546
4 20 0.305829
4 20 0.311469
4 20 0.311418
4 20 0.306120
4 20 0.301891
4 20 0.307730
4 20 0.304399
4 20 0.308354
4 20 0.308962
4 20 0.307558
4 20 0.309114
4 20 0.303338
4 20 0.304126
4 20 0.307089
4 20 0.323721
4 20 0.310762
4 20 0.307458
4 20 0.304314
4 20 0.305028
4 20 0.304101
4 20 0.312839
4 20 0.311371
4 20 0.307670
4 20 0.311264
4 20 0.303894
4 20 0.308511
4 20 0.306135
4 20 0.308028
4 20 0.310888
4 20 0.305963
4 20 0.304043
4 20 0.312050
4 20 0.305699
4 20 0.305497
4 20 0.308103
4 20 0.304394
4 20 0.311554
4 20 0.303326
4 20 0.308393
4 20 0.310541
4 20 0.305341
4 20 0.308132
8 10 0.000757
8 10 0.000399
8 10 0.000395
8 10 0.000372
8 10 0.000400
8 10 0.000409
8 10 0.000394
8 10 0.000395
8 10 0.000393
8 10 0.000393
8 10 0.000392
8 10 0.000382
8 10 0.000368
8 10 0.000370
8 10 0.000371
8 10 0.000371
8 10 0.000371
8 10 0.000376
8 10 0.000380
8 10 0.000393
8 10 0.000453
8 10 0.000377
8 10 0.000371
8 10 0.000385
8 10 0.000360
8 10 0.000360
8 10 0.000358
8 10 0.000363
8 10 0.000361
8 10 0.000439
8 10 0.000459
8 10 0.000462
8 10 0.000400
8 10 0.000364
8 10 0.000363
8 10 0.000361
8 10 0.000362
8 10 0.000383
8 10 0.000376
8 10 0.000388
8 10 0.000358
8 10 0.000361
8 10 0.000360
8 10 0.000405
8 10 0.000361
8 10 0.000357
8 10 0.000356
8 10 0.000411
8 10 0.000482
8 10 0.000525
8 10 0.000380
8 10 0.000361
8 10 0.000362
8 10 0.000361
8 10 0.000360
8 10 0.000361
8 10 0.000360
8 10 0.000363
8 10 0.000373
8 10 0.000388
8 10 0.000383
8 10 0.000362
8 10 0.000362
8 10 0.000361
8 10 0.000361
8 10 0.000361
8 10 0.000360
8 10 0.000361
8 10 0.000361
8 10 0.000361
8 10 0.000361
8 10 0.000362
8 10 0.000360
8 10 0.000412
8 10 0.000397
8 10 0.000377
8 10 0.000371
8 10 0.000487
8 10 0.000366
8 10 0.000362
8 10 0.000361
8 10 0.000360
8 10 0.000451
8 10 0.000367
8 10 0.000361
8 10 0.000384
8 10 0.000421
8 10 0.000413
8 10 0.000406
8 10 0.000366
8 10 0.000414
8 10 0.000487
8 10 0.000457
8 10 0.000381
8 10 0.000431
8 10 0.000381
8 10 0.000360
8 10 0.000361
8 10 0.000409
8 10 0.000434
8 11 0.000747
8 11 0.000657
8 11 0.000754
8 11 0.000651
8 11 0.000638
8 11 0.000636
8 11 0.000638
8 11 0.000634
8 11 0.000615
8 11 0.000637
8 11 0.000637
8 11 0.000638
8 11 0.000635
8 11 0.000649
8 11 0.000777
8 11 0.000656
8 11 0.000645
8 11 0.000789
8 11 0.000784
8 11 0.000727
8 11 0.000702
8 11 0.000615
8 11 0.000634
8 11 0.000635
8 11 0.000632
8 11 0.000638
8 11 0.000635
8 11 0.000765
8 11 0.000705
8 11 0.000759
8 11 0.000692
8 11 0.000657
8 11 0.000637
8 11 0.000637
8 11 0.000628
8 11 0.000825
8 11 0.000636
8 11 0.000652
8 11 0.000689
8 11 0.000720
8 11 0.000717
8 11 0.000725
8 11 0.000665
8 11 0.000719
8 11 0.000672
8 11 0.000741
8 11 0.000754
8 11 0.000692
8 11 0.000675
8 11 0.000676
8 11 0.000654
8 11 0.000626
8 11 0.000687
8 11 0.000700
8 11 0.000693
8 11 0.000647
8 11 0.000651
8 11 0.000638
8 11 0.000737
8 11 0.000736
8 11 0.000658
8 11 0.000639
8 11 0.000637
8 11 0.000641
8 11 0.000638
8 11 0.000665
8 11 0.000648
8 11 0.000639
8 11 0.000640
8 11 0.000628
8 11 0.000636
8 11 0.000638
8 11 0.000636
8 11 0.000637
8 11 0.000637
8 11 0.000638
8 11 0.000637
8 11 0.000707
8 11 0.000647
8 11 0.000639
8 11 0.000640
8 11 0.000638
8 11 0.000638
8 11 0.000636
8 11 0.000640
8 11 0.000639
8 11 0.000637
8 11 0.000635
8 11 0.000706
8 11 0.000771
8 11 0.000628
8 11 0.000626
8 11 0.000623
8 11 0.000635
8 11 0.000686
8 11 0.000651
8 11 0.000627
8 11 0.000673
8 11 0.000647
8 11 0.000627
8 12 0.001181
8 12 0.001465
8 12 0.001351
8 12 0.001323
8 12 0.001296
8 12 0.001275
8 12 0.001198
8 12 0.001539
8 12 0.001373
8 12 0.001397
8 12 0.001490
8 12 0.001199
8 12 0.001187
8 12 0.001280
8 12 0.001262
8 12 0.001240
8 12 0.001196
8 12 0.001195
8 12 0.001163
8 12 0.001216
8 12 0.001406
8 12 0.001239
8 12 0.001221
8 12 0.001203
8 12 0.001258
8 12 0.001677
8 12 0.001272
8 12 0.001249
8 12 0.001247
8 12 0.001182
8 12 0.001184
8 12 0.001180
8 12 0.001188
8 12 0.001289
8 12 0.001226
8 12 0.001222
8 12 0.001198
8 12 0.001314
8 12 0.001255
8 12 0.001122
8 12 0.001193
8 12 0.001330
8 12 0.001196
8 12 0.001185
8 12 0.001165
8 12 0.001157
8 12 0.001459
8 12 0.001219
8 12 0.001318
8 12 0.001252
8 12 0.001321
8 12 0.001282
8 12 0.001397
8 12 0.001472
8 12 0.001819
8 12 0.001489
8 12 0.002145
8 12 0.001665
8 12 0.001470
8 12 0.002134
8 12 0.001374
8 12 0.001323
8 12 0.001334
8 12 0.001419
8 12 0.001520
8 12 0.001308
8 12 0.001193
8 12 0.001191
8 12 0.001181
8 12 0.001316
8 12 0.001404
8 12 0.001554
8 12 0.001213
8 12 0.001334
8 12 0.001269
8 12 0.001158
8 12 0.001402
8 12 0.001198
8 12 0.001393
8 12 0.001437
8 12 0.001191
8 12 0.001190
8 12 0.001184
8 12 0.001191
8 12 0.001343
8 12 0.001452
8 12 0.001152
8 12 0.001181
8 12 0.001132
8 12 0.001170
8 12 0.001229
8 12 0.001188
8 12 0.001182
8 12 0.001344
8 12 0.001106
8 12 0.001144
8 12 0.001186
8 12 0.001452
8 12 0.001343
8 12 0.001340
8 13 0.002992
8 13 0.002557
8 13 0.002266
8 13 0.002166
8 13 0.002069
8 13 0.002721
8 13 0.002204
8 13 0.002046
8 13 0.002425
8 13 0.002458
8 13 0.002302
8 13 0.002392
8 13 0.002414
8 13 0.002278
8 13 0.002055
8 13 0.002150
8 13 0.002184
8 13 0.002439
8 13 0.002096
8 13 0.002208
8 13 0.002107
8 13 0.002084
8 13 0.002098
8 13 0.002142
8 13 0.002288
8 13 0.002273
8 13 0.002646
8 13 0.002199
8 13 0.002090
8 13 0.002100
8 13 0.002097
8 13 0.002351
8 13 0.002333
8 13 0.002283
8 13 0.002256
8 13 0.002259
8 13 0.002310
8 13 0.002129
8 13 0.002187
8 13 0.002044
8 13 0.002036
8 13 0.002073
8 13 0.002046
8 13 0.002035
8 13 0.002042
8 13 0.002315
8 13 0.002563
8 13 0.002240
8 13 0.002224
8 13 0.002314
8 13 0.002448
8 13 0.002165
8 13 0.002042
8 13 0.002235
8 13 0.002199
8 13 0.002045
8 13 0.002052
8 13 0.002166
8 13 0.002040
8 13 0.002066
8 13 0.002278
8 13 0.002193
8 13 0.002046
8 13 0.002260
8 13 0.002061
8 13 0.002294
8 13 0.002123
8 13 0.002285
8 13 0.002550
8 13 0.002060
8 13 0.002139
8 13 0.002101
8 13 0.002856
8 13 0.002289
8 13 0.002090
8 13 0.002044
8 13 0.002039
8 13 0.002036
8 13 0.002035
8 13 0.002133
8 13 0.002182
8 13 0.002434
8 13 0.002076
8 13 0.002125
8 13 0.002042
8 13 0.002038
8 13 0.002037
8 13 0.002109
8 13 0.002461
8 13 0.002043
8 13 0.002224
8 13 0.002101
8 13 0.002233
8 13 0.002254
8 13 0.002055
8 13 0.002181
8 13 0.002262
8 13 0.002244
8 13 0.002091
8 13 0.002238
8 14 0.004244
8 14 0.004268
8 14 0.004101
8 14 0.004067
8 14 0.004444
8 14 0.004613
8 14 0.004053
8 14 0.004065
8 14 0.004324
8 14 0.004890
8 14 0.004043
8 14 0.004126
8 14 0.004000
8 14 0.004442
8 14 0.004440
8 14 0.004150
8 14 0.003999
8 14 0.004297
8 14 0.004212
8 14 0.004087
8 14 0.004088
8 14 0.004339
8 14 0.004010
8 14 0.004701
8 14 0.004442
8 14 0.004560
8 14 0.004193
8 14 0.004618
8 14 0.004179
8 14 0.004363
8 14 0.004553
8 14 0.004240
8 14 0.005182
8 14 0.005594
8 14 0.005347
8 14 0.005397
8 14 0.004677
8 14 0.004569
8 14 0.004641
8 14 0.004771
8 14 0.005466
8 14 0.004603
8 14 0.004789
8 14 0.004579
8 14 0.005728
8 14 0.005103
8 14 0.004691
8 14 0.004941
8 14 0.005201
8 14 0.005003
8 14 0.004719
8 14 0.004966
8 14 0.005398
8 14 0.005086
8 14 0.005475
8 14 0.005323
8 14 0.005988
8 14 0.004871
8 14 0.004998
8 14 0.005070
8 14 0.005552
8 14 0.005494
8 14 0.005411
8 14 0.004897
8 14 0.004881
8 14 0.005078
8 14 0.005210
8 14 0.005592
8 14 0.005543
8 14 0.005054
8 14 0.005722
8 14 0.005469
8 14 0.005405
8 14 0.005791
8 14 0.005669
8 14 0.005517
8 14 0.005571
8 14 0.004994
8 14 0.005818
8 14 0.004529
8 14 0.005518
8 14 0.004984
8 14 0.005267
8 14 0.004942
8 14 0.005768
8 14 0.005699
8 14 0.004949
8 14 0.004901
8 14 0.004931
8 14 0.004936
8 14 0.005563
8 14 0.005150
8 14 0.005087
8 14 0.005640
8 14 0.005326
8 14 0.005136
8 14 0.005203
8 14 0.005345
8 14 0.004906
8 14 0.005329
8 15 0.010411
8 15 0.011599
8 15 0.010717
8 15 0.010886
8 15 0.011379
8 15 0.011417
8 15 0.010815
8 15 0.011239
8 15 0.011117
8 15 0.009948
8 15 0.010376
8 15 0.009836
8 15 0.010820
8 15 0.010902
8 15 0.010807
8 15 0.011005
8 15 0.010764
8 15 0.010479
8 15 0.010411
8 15 0.011389
8 15 0.010824
8 15 0.011669
8 15 0.011382
8 15 0.012669
8 15 0.011474
8 15 0.013103
8 15 0.010784
8 15 0.009901
8 15 0.010151
8 15 0.009497
8 15 0.010260
8 15 0.008742
8 15 0.009807
8 15 0.008931
8 15 0.009166
8 15 0.009372
8 15 0.008921
8 15 0.008992
8 15 0.009631
8 15 0.009640
8 15 0.009137
8 15 0.009365
8 15 0.009527
8 15 0.008940
8 15 0.009874
8 15 0.008898
8 15 0.008449
8 15 0.008984
8 15 0.008624
8 15 0.009017
8 15 0.008249
8 15 0.008482
8 15 0.008690
8 15 0.008345
8 15 0.008921
8 15 0.008443
8 15 0.008491
8 15 0.008258
8 15 0.008234
8 15 0.008306
8 15 0.008255
8 15 0.008877
8 15 0.008462
8 15 0.008535
8 15 0.008675
8 15 0.008995
8 15 0.008553
8 15 0.008353
8 15 0.008488
8 15 0.008579
8 15 0.008370
8 15 0.008505
8 15 0.008591
8 15 0.008214
8 15 0.008209
8 15 0.008325
8 15 0.008229
8 15 0.008715
8 15 0.008579
8 15 0.008292
8 15 0.008567
8 15 0.008623
8 15 0.008355
8 15 0.008255
8 15 0.008476
8 15 0.008281
8 15 0.008955
8 15 0.008652
8 15 0.008365
8 15 0.008991
8 15 0.008217
8 15 0.009191
8 15 0.008230
8 15 0.008213
8 15 0.008720
8 15 0.008174
8 15 0.008279
8 15 0.008191
8 15 0.008298
8 15 0.008469
8 16 0.017439
8 16 0.016638
8 16 0.016623
8 16 0.016882
8 16 0.017468
8 16 0.016908
8 16 0.017090
8 16 0.016950
8 16 0.016632
8 16 0.016703
8 16 0.016748
8 16 0.016572
8 16 0.016688
8 16 0.017107
8 16 0.016811
8 16 0.016754
8 16 0.016773
8 16 0.016654
8 16 0.017257
8 16 0.016874
8 16 0.017323
8 16 0.016875
8 16 0.016412
8 16 0.016721
8 16 0.016641
8 16 0.016969
8 16 0.017186
8 16 0.016584
8 16 0.016589
8 16 0.016888
8 16 0.016628
8 16 0.018476
8 16 0.019058
8 16 0.019155
8 16 0.017810
8 16 0.018920
8 16 0.019490
8 16 0.019349
8 16 0.021328
8 16 0.018710
8 16 0.018843
8 16 0.019818
8 16 0.020871
8 16 0.046807
8 16 0.036832
8 16 0.020134
8 16 0.021751
8 16 0.019248
8 16 0.017967
8 16 0.021067
8 16 0.019734
8 16 0.020393
8 16 0.019604
8 16 0.018873
8 16 0.020564
8 16 0.021038
8 16 0.020355
8 16 0.018823
8 16 0.017860
8 16 0.020304
8 16 0.020029
8 16 0.020112
8 16 0.019926
8 16 0.020460
8 16 0.020015
8 16 0.020692
8 16 0.019909
8 16 0.018151
8 16 0.018222
8 16 0.018164
8 16 0.018010
8 16 0.020464
8 16 0.020197
8 16 0.017414
8 16 0.017610
8 16 0.018147
8 16 0.019639
8 16 0.018040
8 16 0.018033
8 16 0.018372
8 16 0.018322
8 16 0.018836
8 16 0.018713
8 16 0.019194
8 16 0.018745
8 16 0.018428
8 16 0.018455
8 16 0.018724
8 16 0.020186
8 16 0.029149
8 16 0.019883
8 16 0.020948
8 16 0.019785
8 16 0.019813
8 16 0.017021
8 16 0.019107
8 16 0.016951
8 16 0.017160
8 16 0.018323
8 16 0.017196
8 17 0.035084
8 17 0.034342
8 17 0.035210
8 17 0.034557
8 17 0.033937
8 17 0.034276
8 17 0.033803
8 17 0.034014
8 17 0.034511
8 17 0.036846
8 17 0.037465
8 17 0.035845
8 17 0.036947
8 17 0.037520
8 17 0.035949
8 17 0.036464
8 17 0.035949
8 17 0.036573
8 17 0.035460
8 17 0.037172
8 17 0.037376
8 17 0.035982
8 17 0.037465
8 17 0.037069
8 17 0.038009
8 17 0.035823
8 17 0.034474
8 17 0.034553
8 17 0.034943
8 17 0.034232
8 17 0.034161
8 17 0.034332
8 17 0.034338
8 17 0.034367
8 17 0.034497
8 17 0.033941
8 17 0.033941
8 17 0.034859
8 17 0.034540
8 17 0.036608
8 17 0.036784
8 17 0.034699
8 17 0.037617
8 17 0.036546
8 17 0.036668
8 17 0.035574
8 17 0.035251
8 17 0.034522
8 17 0.034347
8 17 0.034467
8 17 0.034083
8 17 0.033728
8 17 0.034217
8 17 0.034276
8 17 0.033460
8 17 0.034574
8 17 0.034059
8 17 0.034417
8 17 0.034429
8 17 0.034745
8 17 0.033820
8 17 0.034224
8 17 0.034697
8 17 0.033886
8 17 0.034596
8 17 0.034146
8 17 0.034430
8 17 0.034776
8 17 0.034867
8 17 0.034988
8 17 0.035548
8 17 0.034244
8 17 0.034188
8 17 0.034966
8 17 0.035083
8 17 0.034264
8 17 0.035431
8 17 0.033948
8 17 0.034255
8 17 0.034649
8 17 0.033983
8 17 0.034989
8 17 0.034602
8 17 0.034371
8 17 0.033718
8 17 0.034555
8 17 0.034192
8 17 0.034358
8 17 0.034745
8 17 0.034781
8 17 0.034275
8 17 0.034905
8 17 0.034337
8 17 0.034794
8 17 0.034931
8 17 0.035138
8 17 0.037690
8 17 0.036975
8 17 0.035610
8 17 0.035355
8 18 0.068788
8 18 0.068592
8 18 0.068694
8 18 0.068300
8 18 0.069171
8 18 0.067590
8 18 0.068820
8 18 0.068005
8 18 0.068682
8 18 0.073579
8 18 0.070927
8 18 0.067352
8 18 0.069399
8 18 0.069008
8 18 0.068633
8 18 0.067925
8 18 0.067849
8 18 0.070697
8 18 0.075256
8 18 0.068827
8 18 0.072785
8 18 0.070065
8 18 0.070324
8 18 0.069344
8 18 0.069006
8 18 0.070142
8 18 0.067760
8 18 0.070841
8 18 0.070489
8 18 0.069036
8 18 0.068874
8 18 0.068546
8 18 0.069202
8 18 0.069240
8 18 0.070890
8 18 0.068921
8 18 0.068566
8 18 0.068147
8 18 0.067694
8 18 0.069236
8 18 0.068481
8 18 0.070615
8 18 0.067832
8 18 0.068188
8 18 0.067446
8 18 0.068021
8 18 0.067110
8 18 0.066515
8 18 0.066571
8 18 0.069047
8 18 0.072592
8 18 0.069198
8 18 0.069268
8 18 0.072118
8 18 0.069017
8 18 0.066283
8 18 0.068415
8 18 0.069447
8 18 0.068322
8 18 0.069011
8 18 0.067376
8 18 0.068041
8 18 0.069166
8 18 0.069724
8 18 0.091084
8 18 0.067907
8 18 0.067399
8 18 0.066203
8 18 0.071180
8 18 0.068497
8 18 0.069228
8 18 0.066841
8 18 0.072341
8 18 0.083347
8 18 0.068432
8 18 0.067423
8 18 0.066971
8 18 0.069487
8 18 0.067437
8 18 0.067702
8 18 0.068439
8 18 0.070193
8 18 0.078088
8 18 0.071261
8 18 0.067160
8 18 0.066637
8 18 0.067189
8 18 0.068856
8 18 0.069345
8 18 0.067721
8 18 0.071861
8 18 0.069445
8 18 0.068175
8 18 0.068516
8 18 0.067261
8 18 0.068030
8 18 0.069484
8 18 0.071896
8 18 0.070421
8 18 0.069607
8 19 0.141934
8 19 0.141891
8 19 0.142271
8 19 0.146237
8 19 0.150431
8 19 0.145996
8 19 0.148855
8 19 0.149311
8 19 0.159425
8 19 0.152782
8 19 0.146531
8 19 0.146050
8 19 0.145971
8 19 0.146348
8 19 0.146111
8 19 0.151007
8 19 0.160387
8 19 0.157795
8 19 0.156463
8 19 0.155774
8 19 0.161833
8 19 0.156336
8 19 0.165269
8 19 0.154185
8 19 0.157414
8 19 0.159525
8 19 0.156968
8 19 0.161073
8 19 0.154097
8 19 0.166563
8 19 0.164195
8 19 0.158051
8 19 0.154284
8 19 0.158226
8 19 0.153027
8 19 0.153474
8 19 0.158194
8 19 0.153756
8 19 0.147407
8 19 0.150591
8 19 0.150047
8 19 0.146224
8 19 0.141956
8 19 0.142156
8 19 0.144230
8 19 0.142533
8 19 0.141677
8 19 0.142865
8 19 0.141661
8 19 0.141649
8 19 0.142320
8 19 0.145378
8 19 0.142851
8 19 0.141729
8 19 0.142087
8 19 0.162555
8 19 0.145585
8 19 0.142791
8 19 0.142653
8 19 0.144394
8 19 0.141851
8 19 0.141464
8 19 0.141837
8 19 0.141955
8 19 0.141849
8 19 0.141671
8 19 0.141447
8 19 0.141171
8 19 0.142239
8 19 0.147756
8 19 0.141937
8 19 0.148651
8 19 0.144798
8 19 0.143153
8 19 0.142715
8 19 0.142511
8 19 0.142485
8 19 0.142684
8 19 0.144811
8 19 0.144289
8 19 0.142835
8 19 0.141826
8 19 0.141950
8 19 0.141486
8 19 0.141204
8 19 0.142037
8 19 0.141381
8 19 0.142520
8 19 0.145884
8 19 0.141939
8 19 0.142318
8 19 0.141290
8 19 0.141851
8 19 0.141516
8 19 0.141475
8 19 0.142051
8 19 0.142259
8 19 0.144852
8 19 0.143825
8 19 0.141769
8 20 0.286817
8 20 0.285972
8 20 0.286172
8 20 0.286960
8 20 0.290770
8 20 0.286693
8 20 0.287344
8 20 0.286520
8 20 0.286041
8 20 0.289737
8 20 0.287568
8 20 0.288221
8 20 0.289289
8 20 0.286276
8 20 0.286619
8 20 0.285887
8 20 0.286134
8 20 0.286198
8 20 0.290654
8 20 0.298263
8 20 0.286085
8 20 0.287434
8 20 0.287729
8 20 0.302087
8 20 0.303084
8 20 0.301780
8 20 0.323135
8 20 0.333676
8 20 0.308408
8 20 0.303925
8 20 0.303450
8 20 0.303982
8 20 0.302953
8 20 0.295855
8 20 0.294399
8 20 0.289434
8 20 0.287282
8 20 0.286584
8 20 0.286458
8 20 0.291341
8 20 0.286953
8 20 0.289027
8 20 0.287344
8 20 0.288940
8 20 0.290648
8 20 0.290722
8 20 0.288140
8 20 0.286970
8 20 0.286581
8 20 0.288446
8 20 0.286880
8 20 0.287099
8 20 0.288912
8 20 0.288413
8 20 0.295414
8 20 0.288258
8 20 0.291445
8 20 0.296159
8 20 0.289200
8 20 0.310866
8 20 0.287780
8 20 0.295572
8 20 0.294297
8 20 0.315373
8 20 0.293436
8 20 0.295519
8 20 0.294054
8 20 0.301120
8 20 0.294718
8 20 0.296096
8 20 0.294405
8 20 0.294020
8 20 0.293685
8 20 0.294881
8 20 0.294782
8 20 0.296007
8 20 0.293677
8 20 0.293902
8 20 0.302785
8 20 0.290049
8 20 0.293958
8 20 0.286350
8 20 0.289198
8 20 0.285602
8 20 0.286539
8 20 0.288739
8 20 0.286860
8 20 0.292340
8 20 0.284651
8 20 0.286088
8 20 0.286324
8 20 0.285860
8 20 0.287245
8 20 0.286734
8 20 0.293230
8 20 0.294540
8 20 0.293657
8 20 0.299016
8 20 0.293748
8 20 0.293267
16 10 0.001119
16 10 0.000565
16 10 0.000564
16 10 0.000568
16 10 0.000551
16 10 0.000554
16 10 0.000582
16 10 0.000587
16 10 0.000566
16 10 0.000616
16 10 0.000701
16 10 0.000779
16 10 0.000597
16 10 0.000714
16 10 0.000612
16 10 0.000704
16 10 0.000717
16 10 0.000661
16 10 0.000614
16 10 0.000651
16 10 0.000736
16 10 0.000611
16 10 0.000662
16 10 0.000675
16 10 0.000622
16 10 0.000587
16 10 0.000577
16 10 0.000578
16 10 0.000615
16 10 0.000588
16 10 0.000600
16 10 0.000593
16 10 0.000574
16 10 0.000603
16 10 0.000663
16 10 0.000595
16 10 0.000584
16 10 0.000562
16 10 0.000691
16 10 0.000726
16 10 0.000795
16 10 0.000805
16 10 0.000725
16 10 0.000700
16 10 0.000671
16 10 0.000577
16 10 0.000573
16 10 0.000646
16 10 0.000613
16 10 0.000599
16 10 0.000666
16 10 0.000581
16 10 0.000596
16 10 0.000592
16 10 0.000706
16 10 0.000647
16 10 0.000622
16 10 0.000641
16 10 0.000661
16 10 0.000651
16 10 0.000587
16 10 0.000688
16 10 0.000638
16 10 0.000619
16 10 0.000653
16 10 0.000702
16 10 0.000826
16 10 0.000681
16 10 0.000779
16 10 0.000691
16 10 0.000819
16 10 0.000666
16 10 0.000733
16 10 0.000669
16 10 0.000599
16 10 0.000687
16 10 0.000620
16 10 0.000664
16 10 0.000602
16 10 0.000674
16 10 0.000618
16 10 0.000652
16 10 0.000611
16 10 0.000622
16 10 0.000721
16 10 0.000657
16 10 0.000668
16 10 0.000702
16 10 0.000744
16 10 0.000748
16 10 0.000773
16 10 0.000787
16 10 0.000723
16 10 0.000615
16 10 0.000619
16 10 0.000594
16 10 0.000598
16 10 0.000665
16 10 0.000690
16 10 0.000624
16 11 0.001235
16 11 0.001267
16 11 0.000955
16 11 0.000929
16 11 0.001008
16 11 0.000993
16 11 0.000959
16 11 0.000888
16 11 0.000893
16 11 0.000906
16 11 0.000893
16 11 0.000944
16 11 0.000928
16 11 0.001098
16 11 0.000962
16 11 0.000934
16 11 0.000929
16 11 0.000974
16 11 0.001012
16 11 0.000969
16 11 0.001174
16 11 0.001366
16 11 0.000937
16 11 0.001072
16 11 0.001027
16 11 0.001033
16 11 0.001003
16 11 0.000919
16 11 0.000897
16 11 0.000871
16 11 0.000901
16 11 0.001023
16 11 0.001034
16 11 0.001060
16 11 0.001287
16 11 0.000946
16 11 0.000949
16 11 0.001060
16 11 0.000960
16 11 0.000993
16 11 0.001082
16 11 0.001117
16 11 0.000881
16 11 0.000894
16 11 0.000955
16 11 0.000866
16 11 0.000920
16 11 0.001040
16 11 0.001044
16 11 0.001090
16 11 0.001056
16 11 0.000948
16 11 0.000916
16 11 0.001044
16 11 0.001030
16 11 0.001070
16 11 0.001126
16 11 0.001245
16 11 0.001116
16 11 0.001316
16 11 0.001645
16 11 0.001200
16 11 0.001415
16 11 0.001123
16 11 0.001250
16 11 0.001081
16 11 0.001208
16 11 0.000923
16 11 0.001039
16 11 0.000978
16 11 0.000894
16 11 0.001064
16 11 0.001073
16 11 0.001353
16 11 0.001228
16 11 0.001047
16 11 0.001047
16 11 0.001275
16 11 0.001175
16 11 0.001019
16 11 0.001110
16 11 0.000996
16 11 0.001054
16 11 0.000950
16 11 0.000888
16 11 0.001035
16 11 0.000894
16 11 0.001052
16 11 0.001449
16 11 0.001622
16 11 0.001232
16 11 0.001137
16 11 0.001083
16 11 0.000945
16 11 0.001037
16 11 0.001112
16 11 0.000864
16 11 0.000869
16 11 0.000860
16 11 0.000896
16 12 0.001526
16 12 0.001594
16 12 0.001686
16 12 0.001731
16 12 0.001582
16 12 0.001530
16 12 0.001547
16 12 0.001517
16 12 0.001507
16 12 0.001739
16 12 0.001572
16 12 0.001531
16 12 0.001578
16 12 0.001582
16 12 0.001722
16 12 0.001646
16 12 0.001653
16 12 0.001753
16 12 0.001598
16 12 0.001543
16 12 0.001542
16 12 0.001582
16 12 0.001835
16 12 0.001988
16 12 0.001514
16 12 0.001497
16 12 0.001554
16 12 0.001526
16 12 0.001646
16 12 0.001511
16 12 0.001535
16 12 0.001508
16 12 0.001613
16 12 0.001588
16 12 0.001750
16 12 0.001580
16 12 0.001619
16 12 0.001530
16 12 0.001561
16 12 0.001573
16 12 0.001812
16 12 0.001603
16 12 0.001550
16 12 0.001634
16 12 0.001762
16 12 0.001675
16 12 0.001606
16 12 0.001580
16 12 0.001751
16 12 0.001580
16 12 0.001565
16 12 0.001780
16 12 0.001535
16 12 0.001618
16 12 0.002167
16 12 0.001548
16 12 0.001519
16 12 0.001633
16 12 0.001704
16 12 0.001641
16 12 0.001548
16 12 0.001610
16 12 0.001536
16 12 0.001559
16 12 0.001824
16 12 0.001579
16 12 0.001522
16 12 0.001688
16 12 0.001531
16 12 0.001726
16 12 0.001726
16 12 0.001709
16 12 0.001541
16 12 0.001523
16 12 0.001581
16 12 0.001739
16 12 0.001555
16 12 0.001656
16 12 0.001518
16 12 0.001762
16 12 0.001755
16 12 0.001782
16 12 0.001566
16 12 0.001706
16 12 0.001550
16 12 0.001693
16 12 0.001730
16 12 0.001545
16 12 0.001530
16 12 0.001520
16 12 0.001541
16 12 0.001669
16 12 0.001555
16 12 0.001771
16 12 0.001578
16 12 0.002045
16 12 0.001543
16 12 0.001747
16 12 0.001733
16 12 0.001540
16 13 0.002814
16 13 0.003003
16 13 0.003238
16 13 0.003243
16 13 0.003299
16 13 0.002854
16 13 0.002801
16 13 0.002899
16 13 0.003739
16 13 0.003221
16 13 0.003077
16 13 0.002850
16 13 0.002921
16 13 0.002935
16 13 0.002994
16 13 0.002850
16 13 0.002917
16 13 0.002904
16 13 0.002864
16 13 0.003330
16 13 0.003109
16 13 0.002812
16 13 0.002834
16 13 0.002882
16 13 0.002925
16 13 0.002856
16 13 0.002921
16 13 0.002820
16 13 0.002838
16 13 0.002892
16 13 0.003084
16 13 0.003195
16 13 0.003098
16 13 0.002966
16 13 0.002788
16 13 0.002779
16 13 0.002914
16 13 0.002837
16 13 0.002766
16 13 0.002874
16 13 0.002949
16 13 0.002865
16 13 0.003373
16 13 0.002751
16 13 0.002835
16 13 0.002931
16 13 0.002988
16 13 0.003073
16 13 0.003193
16 13 0.002894
16 13 0.002799
16 13 0.002909
16 13 0.002898
16 13 0.002950
16 13 0.002803
16 13 0.003080
16 13 0.002866
16 13 0.003136
16 13 0.003460
16 13 0.003142
16 13 0.002869
16 13 0.003045
16 13 0.002750
16 13 0.003013
16 13 0.004482
16 13 0.003188
16 13 0.003145
16 13 0.002975
16 13 0.002889
16 13 0.003141
16 13 0.003037
16 13 0.003442
16 13 0.003430
16 13 0.003319
16 13 0.003728
16 13 0.003451
16 13 0.003575
16 13 0.003361
16 13 0.003124
16 13 0.003822
16 13 0.003914
16 13 0.003123
16 13 0.003294
16 13 0.002765
16 13 0.003051
16 13 0.002848
16 13 0.003147
16 13 0.002947
16 13 0.003074
16 13 0.003267
16 13 0.002945
16 13 0.002911
16 13 0.003164
16 13 0.002845
16 13 0.003067
16 13 0.003402
16 13 0.002784
16 13 0.002832
16 13 0.002823
16 13 0.002869
16 14 0.005568
16 14 0.005444
16 14 0.005391
16 14 0.005784
16 14 0.005779
16 14 0.005497
16 14 0.005606
16 14 0.005773
16 14 0.005957
16 14 0.005758
16 14 0.005521
16 14 0.005615
16 14 0.005563
16 14 0.005619
16 14 0.005413
16 14 0.005572
16 14 0.005160
16 14 0.004846
16 14 0.005324
16 14 0.005388
16 14 0.005102
16 14 0.005177
16 14 0.004799
16 14 0.005227
16 14 0.005147
16 14 0.004827
16 14 0.004867
16 14 0.005203
16 14 0.005440
16 14 0.004875
16 14 0.004800
16 14 0.005437
16 14 0.005358
16 14 0.004809
16 14 0.004864
16 14 0.005603
16 14 0.004840
16 14 0.004860
16 14 0.005109
16 14 0.004829
16 14 0.005290
16 14 0.005410
16 14 0.005208
16 14 0.004791
16 14 0.005029
16 14 0.004862
16 14 0.005037
16 14 0.005409
16 14 0.004853
16 14 0.004831
16 14 0.005106
16 14 0.005258
16 14 0.005061
16 14 0.004830
16 14 0.005169
16 14 0.004923
16 14 0.004829
16 14 0.004981
16 14 0.005497
16 14 0.005189
16 14 0.005200
16 14 0.005500
16 14 0.005033
16 14 0.004869
16 14 0.005291
16 14 0.004832
16 14 0.004835
16 14 0.004845
16 14 0.004895
16 14 0.005226
16 14 0.005130
16 14 0.004888
16 14 0.004858
16 14 0.004810
16 14 0.005279
16 14 0.004846
16 14 0.004810
16 14 0.004953
16 14 0.004993
16 14 0.004797
16 14 0.004830
16 14 0.005113
16 14 0.004988
16 14 0.004814
16 14 0.004829
16 14 0.004882
16 14 0.004898
16 14 0.005100
16 14 0.005016
16 14 0.004792
16 14 0.005334
16 14 0.004985
16 14 0.004821
16 14 0.005259
16 14 0.005384
16 14 0.004817
16 14 0.004791
16 14 0.004822
16 14 0.005011
16 14 0.004937
16 15 0.009522
16 15 0.010066
16 15 0.010398
16 15 0.009667
16 15 0.009672
16 15 0.010256
16 15 0.010278
16 15 0.009873
16 15 0.009517
16 15 0.009477
16 15 0.010377
16 15 0.010284
16 15 0.009590
16 15 0.009580
16 15 0.009426
16 15 0.009289
16 15 0.009165
16 15 0.009266
16 15 0.009192
16 15 0.009266
16 15 0.009178
16 15 0.009118
16 15 0.009756
16 15 0.009526
16 15 0.009330
16 15 0.010188
16 15 0.009518
16 15 0.010571
16 15 0.009509
16 15 0.009471
16 15 0.010550
16 15 0.009420
16 15 0.009569
16 15 0.009694
16 15 0.010723
16 15 0.009576
16 15 0.009584
16 15 0.009387
16 15 0.009520
16 15 0.009436
16 15 0.009766
16 15 0.010233
16 15 0.010309
16 15 0.009502
16 15 0.009592
16 15 0.010103
16 15 0.010921
16 15 0.009420
16 15 0.010136
16 15 0.009464
16 15 0.010215
16 15 0.010222
16 15 0.010318
16 15 0.009839
16 15 0.009560
16 15 0.011245
16 15 0.009658
16 15 0.010359
16 15 0.010648
16 15 0.009369
16 15 0.011638
16 15 0.010047
16 15 0.009549
16 15 0.009429
16 15 0.010388
16 15 0.010185
16 15 0.009449
16 15 0.009438
16 15 0.010498
16 15 0.010227
16 15 0.010353
16 15 0.009378
16 15 0.009578
16 15 0.009420
16 15 0.009660
16 15 0.010092
16 15 0.009697
16 15 0.009602
16 15 0.009695
16 15 0.009504
16 15 0.010700
16 15 0.010272
16 15 0.010387
16 15 0.010171
16 15 0.010819
16 15 0.010336
16 15 0.010414
16 15 0.010242
16 15 0.010407
16 15 0.009368
16 15 0.009566
16 15 0.009407
16 15 0.010052
16 15 0.009466
16 15 0.009793
16 15 0.009678
16 15 0.009546
16 15 0.009484
16 15 0.009575
16 15 0.009424
16 16 0.019750
16 16 0.019387
16 16 0.019884
16 16 0.020204
16 16 0.019757
16 16 0.019947
16 16 0.019828
16 16 0.019714
16 16 0.019617
16 16 0.019693
16 16 0.019392
16 16 0.020379
16 16 0.019590
16 16 0.019743
16 16 0.021158
16 16 0.019614
16 16 0.019761
16 16 0.020570
16 16 0.019828
16 16 0.022359
16 16 0.021768
16 16 0.019798
16 16 0.020285
16 16 0.020077
16 16 0.020080
16 16 0.020040
16 16 0.021564
16 16 0.020380
16 16 0.020491
16 16 0.020687
16 16 0.023364
16 16 0.055011
16 16 0.027468
16 16 0.032115
16 16 0.027352
16 16 0.023142
16 16 0.021567
16 16 0.019451
16 16 0.019990
16 16 0.020509
16 16 0.020041
16 16 0.019348
16 16 0.019456
16 16 0.019619
16 16 0.019745
16 16 0.019265
16 16 0.020750
16 16 0.019307
16 16 0.019460
16 16 0.020134
16 16 0.020419
16 16 0.019508
16 16 0.019715
16 16 0.019226
16 16 0.019351
16 16 0.018970
16 16 0.019251
16 16 0.019238
16 16 0.018980
16 16 0.019782
16 16 0.019849
16 16 0.020676
16 16 0.021614
16 16 0.019638
16 16 0.019496
16 16 0.021496
16 16 0.020887
16 16 0.021115
16 16 0.020381
16 16 0.021512
16 16 0.021068
16 16 0.019586
16 16 0.019775
16 16 0.020087
16 16 0.020378
16 16 0.019208
16 16 0.020099
16 16 0.020332
16 16 0.020151
16 16 0.021316
16 16 0.019505
16 16 0.019401
16 16 0.019886
16 16 0.020284
16 16 0.020595
16 16 0.019822
16 16 0.019692
16 16 0.019846
16 16 0.020400
16 16 0.021313
16 16 0.021173
16 16 0.019542
16 16 0.019818
16 16 0.021830
16 16 0.019841
16 16 0.019435
16 16 0.019427
16 16 0.020169
16 16 0.019545
16 16 0.019501
16 17 0.040127
16 17 0.038731
16 17 0.038945
16 17 0.039842
16 17 0.041072
16 17 0.040522
16 17 0.041591
16 17 0.040872
16 17 0.041844
16 17 0.040071
16 17 0.039438
16 17 0.039016
16 17 0.038624
16 17 0.038350
16 17 0.040204
16 17 0.041729
16 17 0.041298
16 17 0.039895
16 17 0.039557
16 17 0.041166
16 17 0.039389
16 17 0.041723
16 17 0.038464
16 17 0.038360
16 17 0.038278
16 17 0.038009
16 17 0.038423
16 17 0.038223
16 17 0.038771
16 17 0.038704
16 17 0.040937
16 17 0.039525
16 17 0.040664
16 17 0.040557
16 17 0.038621
16 17 0.037974
16 17 0.038862
16 17 0.038634
16 17 0.038402
16 17 0.038330
16 17 0.038178
16 17 0.038257
16 17 0.038377
16 17 0.038112
16 17 0.038374
16 17 0.038406
16 17 0.038765
16 17 0.038626
16 17 0.040251
16 17 0.040024
16 17 0.040040
16 17 0.038374
16 17 0.038183
16 17 0.038659
16 17 0.039726
16 17 0.038287
16 17 0.038278
16 17 0.038161
16 17 0.038434
16 17 0.039783
16 17 0.038789
16 17 0.038584
16 17 0.038529
16 17 0.038941
16 17 0.038348
16 17 0.038168
16 17 0.038392
16 17 0.038799
16 17 0.038764
16 17 0.039661
16 17 0.040871
16 17 0.040493
16 17 0.038136
16 17 0.038259
16 17 0.038323
16 17 0.038836
16 17 0.038778
16 17 0.039131
16 17 0.039996
16 17 0.038682
16 17 0.039034
16 17 0.040469
16 17 0.040498
16 17 0.040711
16 17 0.040425
16 17 0.040192
16 17 0.038967
16 17 0.043132
16 17 0.041089
16 17 0.040757
16 17 0.040090
16 17 0.040635
16 17 0.041382
16 17 0.040916
16 17 0.040451
16 17 0.038686
16 17 0.038472
16 17 0.039475
16 17 0.040329
16 17 0.038582
16 18 0.077263
16 18 0.081281
16 18 0.082227
16 18 0.082308
16 18 0.084303
16 18 0.083775
16 18 0.086461
16 18 0.085822
16 18 0.085178
16 18 0.084982
16 18 0.087315
16 18 0.087029
16 18 0.087650
16 18 0.086599
16 18 0.098645
16 18 0.088052
16 18 0.088076
16 18 0.087439
16 18 0.086289
16 18 0.089109
16 18 0.087950
16 18 0.089785
16 18 0.093281
16 18 0.089619
16 18 0.086257
16 18 0.086148
16 18 0.087793
16 18 0.089652
16 18 0.092648
16 18 0.089449
16 18 0.090976
16 18 0.087102
16 18 0.119731
16 18 0.087860
16 18 0.090368
16 18 0.088397
16 18 0.090201
16 18 0.090725
16 18 0.087656
16 18 0.093459
16 18 0.086655
16 18 0.086952
16 18 0.086785
16 18 0.088038
16 18 0.086370
16 18 0.087839
16 18 0.084643
16 18 0.084102
16 18 0.084486
16 18 0.086172
16 18 0.084821
16 18 0.083916
16 18 0.082852
16 18 0.081227
16 18 0.080988
16 18 0.081509
16 18 0.081720
16 18 0.082965
16 18 0.081509
16 18 0.079636
16 18 0.079228
16 18 0.079745
16 18 0.082030
16 18 0.079652
16 18 0.078912
16 18 0.079864
16 18 0.078913
16 18 0.079410
16 18 0.079588
16 18 0.079591
16 18 0.079949
16 18 0.079123
16 18 0.079001
16 18 0.078644
16 18 0.078853
16 18 0.078919
16 18 0.078915
16 18 0.078732
16 18 0.079208
16 18 0.078572
16 18 0.078769
16 18 0.078339
16 18 0.079031
16 18 0.081730
16 18 0.083289
16 18 0.083204
16 18 0.083767
16 18 0.083360
16 18 0.083894
16 18 0.083015
16 18 0.082505
16 18 0.084059
16 18 0.084072
16 18 0.083984
16 18 0.083813
16 18 0.082937
16 18 0.083694
16 18 0.083233
16 18 0.083274
16 18 0.083616
16 19 0.167298
16 19 0.167346
16 19 0.172447
16 19 0.166770
16 19 0.166653
16 19 0.168155
16 19 0.174210
16 19 0.161974
16 19 0.163498
16 19 0.161827
16 19 0.163729
16 19 0.163028
16 19 0.158764
16 19 0.159141
16 19 0.156625
16 19 0.160803
16 19 0.160450
16 19 0.161084
16 19 0.166048
16 19 0.165152
16 19 0.169113
16 19 0.164173
16 19 0.166397
16 19 0.168906
16 19 0.187304
16 19 0.167862
16 19 0.168772
16 19 0.167960
16 19 0.168746
16 19 0.170438
16 19 0.170815
16 19 0.170165
16 19 0.171875
16 19 0.176410
16 19 0.175427
16 19 0.169922
16 19 0.179897
16 19 0.176624
16 19 0.170040
16 19 0.176950
16 19 0.192436
16 19 0.173674
16 19 0.173112
16 19 0.170904
16 19 0.168650
16 19 0.169555
16 19 0.170099
16 19 0.173283
16 19 0.180260
16 19 0.196543
16 19 0.169590
16 19 0.169993
16 19 0.168577
16 19 0.168367
16 19 0.168425
16 19 0.169324
16 19 0.169115
16 19 0.169316
16 19 0.168016
16 19 0.168355
16 19 0.169423
16 19 0.173046
16 19 0.183469
16 19 0.170813
16 19 0.170251
16 19 0.169170
16 19 0.170082
16 19 0.168240
16 19 0.168731
16 19 0.167834
16 19 0.169076
16 19 0.170008
16 19 0.169049
16 19 0.168800
16 19 0.167505
16 19 0.164473
16 19 0.163519
16 19 0.163581
16 19 0.164339
16 19 0.165150
16 19 0.166285
16 19 0.162965
16 19 0.163870
16 19 0.162518
16 19 0.166919
16 19 0.164775
16 19 0.164769
16 19 0.163601
16 19 0.164112
16 19 0.163448
16 19 0.166426
16 19 0.163569
16 19 0.166507
16 19 0.170353
16 19 0.166063
16 19 0.170022
16 19 0.169377
16 19 0.168512
16 19 0.168321
16 19 0.168724
16 20 0.330496
16 20 0.327197
16 20 0.327783
16 20 0.324707
16 20 0.326561
16 20 0.324530
16 20 0.316432
16 20 0.313587
16 20 0.317285
16 20 0.310368
16 20 0.349427
16 20 0.313282
16 20 0.316009
16 20 0.318035
16 20 0.319561
16 20 0.322071
16 20 0.310684
16 20 0.314995
16 20 0.312975
16 20 0.309764
16 20 0.312982
16 20 0.310101
16 20 0.306129
16 20 0.310787
16 20 0.310000
16 20 0.311184
16 20 0.309359
16 20 0.312959
16 20 0.312446
16 20 0.312382
16 20 0.316531
16 20 0.313863
16 20 0.312114
16 20 0.310616
16 20 0.311084
16 20 0.308544
16 20 0.309806
16 20 0.313675
16 20 0.319789
16 20 0.317735
16 20 0.310549
16 20 0.315163
16 20 0.319643
16 20 0.330500
16 20 0.333605
16 20 0.324280
16 20 0.324327
16 20 0.344820
16 20 0.331235
16 20 0.328209
16 20 0.327081
16 20 0.326826
16 20 0.326312
16 20 0.324946
16 20 0.325454
16 20 0.321922
16 20 0.328239
16 20 0.330840
16 20 0.326671
16 20 0.326101
16 20 0.318600
16 20 0.317519
16 20 0.320910
16 20 0.318934
16 20 0.319772
16 20 0.316058
16 20 0.319381
16 20 0.315392
16 20 0.317289
16 20 0.316747
16 20 0.316040
16 20 0.315965
16 20 0.318233
16 20 0.317270
16 20 0.316590
16 20 0.323898
16 20 0.318684
16 20 0.319633
16 20 0.317149
16 20 0.318353
16 20 0.315332
16 20 0.317728
16 20 0.322854
16 20 0.316843
16 20 0.315966
16 20 0.320525
16 20 0.316828
16 20 0.318241
16 20 0.317902
16 20 0.319514
16 20 0.316444
16 20 0.316074
16 20 0.318200
16 20 0.317089
16 20 0.318686
16 20 0.321648
16 20 0.319838
16 20 0.325950
16 20 0.327762
16 20 0.326535
